1 0
5 2
6 1
6 2
6 4
6 5
7 4
7 5
8 1
8 2
8 5
8 7
9 1
9 2
9 3
9 4
9 8
10 0
10 1
10 4
10 7
10 8
11 5
11 6
11 9
11 10
12 0
12 1
12 4
12 10
13 1
13 3
13 4
13 5
13 8
13 9
13 11
13 12
14 0
14 2
14 4
14 6
14 8
14 9
14 10
14 12
15 0
15 1
15 3
15 12
15 13
15 14
16 0
16 1
16 3
16 5
16 6
16 11
16 13
16 14
17 2
17 8
17 9
17 11
17 13
17 15
17 16
18 3
18 4
18 6
18 10
18 16
18 17
19 0
19 2
19 5
19 8
19 10
19 12
19 13
19 14
19 15
19 16
19 17
20 0
20 1
20 4
20 5
20 6
20 7
20 10
20 12
20 14
20 16
20 17
20 18
21 4
21 5
21 7
21 9
21 12
21 13
21 14
21 15
21 16
21 17
21 19
22 0
22 1
22 2
22 3
22 5
22 8
22 9
22 11
22 14
22 16
23 2
23 4
23 5
23 8
23 15
23 16
23 17
23 18
23 21
23 22
24 0
24 2
24 4
24 5
24 7
24 8
24 10
24 11
24 15
24 16
24 18
24 19
24 22
25 4
25 5
25 6
25 7
25 8
25 9
25 13
25 14
25 15
25 16
25 18
25 21
25 22
25 23
25 24
26 0
26 1
26 2
26 3
26 5
26 6
26 8
26 10
26 12
26 14
26 15
26 16
26 17
26 18
26 21
26 23
26 24
27 5
27 8
27 10
27 12
27 13
27 17
27 18
27 19
27 23
27 25
28 0
28 1
28 3
28 4
28 6
28 9
28 10
28 12
28 14
28 15
28 27
29 1
29 3
29 5
29 7
29 8
29 9
29 10
29 17
29 18
29 22
29 24
29 26
30 2
30 6
30 12
30 13
30 14
30 16
30 22
30 23
30 24
30 27
31 0
31 1
31 2
31 3
31 4
31 6
31 7
31 8
31 9
31 11
31 12
31 15
31 16
31 18
31 23
31 25
31 26
31 27
32 0
32 1
32 2
32 4
32 5
32 7
32 8
32 11
32 12
32 14
32 17
32 19
32 20
32 21
32 22
33 4
33 7
33 8
33 9
33 10
33 13
33 14
33 15
33 18
33 20
33 21
33 22
33 23
33 25
33 28
33 30
34 2
34 4
34 6
34 12
34 14
34 16
34 18
34 20
34 21
34 22
34 23
34 25
34 28
34 29
34 31
34 33
35 1
35 2
35 3
35 7
35 8
35 11
35 15
35 17
35 18
35 19
35 21
35 23
35 25
35 26
35 29
35 31
36 0
36 5
36 6
36 7
36 8
36 9
36 11
36 12
36 13
36 18
36 19
36 25
36 28
36 30
36 33
36 34
36 35
37 3
37 7
37 14
37 18
37 24
37 27
37 29
37 30
37 31
37 33
37 34
37 36
38 0
38 2
38 3
38 4
38 5
38 10
38 12
38 14
38 16
38 17
38 18
38 19
38 23
38 25
38 27
38 28
38 31
38 32
38 34
39 0
39 1
39 2
39 3
39 4
39 5
39 7
39 13
39 14
39 16
39 17
39 18
39 19
39 23
39 28
39 34
39 36
39 37
40 0
40 2
40 3
40 4
40 6
40 7
40 8
40 11
40 12
40 14
40 17
40 19
40 22
40 23
40 24
40 25
40 27
40 28
40 30
40 31
40 32
41 0
41 1
41 5
41 7
41 9
41 13
41 16
41 17
41 18
41 20
41 21
41 22
41 23
41 26
41 28
41 31
41 33
41 36
42 1
42 4
42 6
42 9
42 11
42 12
42 13
42 14
42 17
42 21
42 22
42 23
42 24
42 25
42 32
42 35
42 36
42 37
42 39
43 0
43 2
43 3
43 5
43 9
43 11
43 13
43 14
43 15
43 16
43 18
43 19
43 22
43 23
43 24
43 25
43 26
43 27
43 28
43 29
43 30
43 36
43 37
43 38
43 40
44 1
44 2
44 3
44 7
44 9
44 10
44 11
44 12
44 16
44 17
44 18
44 19
44 20
44 23
44 25
44 27
44 31
44 36
44 38
44 40
44 42
45 0
45 4
45 15
45 16
45 20
45 22
45 23
45 27
45 28
45 32
45 33
45 34
45 36
45 38
45 41
45 43
45 44
46 0
46 3
46 4
46 6
46 8
46 9
46 13
46 14
46 15
46 18
46 19
46 26
46 27
46 28
46 29
46 30
46 31
46 38
46 39
46 41
46 43
47 0
47 1
47 3
47 5
47 6
47 7
47 8
47 9
47 10
47 11
47 13
47 16
47 19
47 20
47 22
47 23
47 24
47 25
47 28
47 29
47 31
47 36
47 37
47 41
47 43
47 44
47 45
48 0
48 3
48 5
48 6
48 8
48 9
48 11
48 14
48 15
48 16
48 17
48 18
48 21
48 25
48 26
48 27
48 31
48 32
48 33
48 35
48 41
48 46
48 47
49 2
49 4
49 5
49 6
49 7
49 9
49 12
49 13
49 14
49 17
49 19
49 21
49 24
49 27
49 29
49 31
49 32
49 34
49 40
49 44
49 46
49 47
50 0
50 2
50 5
50 7
50 9
50 10
50 17
50 18
50 19
50 20
50 22
50 23
50 24
50 26
50 27
50 28
50 29
50 30
50 31
50 34
50 35
50 37
50 38
50 46
50 48
50 49
51 3
51 4
51 6
51 9
51 10
51 15
51 16
51 17
51 18
51 19
51 20
51 22
51 27
51 28
51 29
51 31
51 32
51 33
51 34
51 35
51 37
51 41
51 44
51 45
51 46
52 1
52 2
52 3
52 4
52 5
52 6
52 7
52 8
52 11
52 16
52 17
52 20
52 21
52 22
52 23
52 27
52 28
52 31
52 32
52 36
52 41
52 43
52 49
52 50
53 0
53 1
53 2
53 4
53 5
53 6
53 10
53 11
53 14
53 15
53 18
53 20
53 21
53 24
53 26
53 27
53 28
53 29
53 30
53 31
53 32
53 33
53 38
53 43
53 44
53 45
53 46
53 49
53 51
54 0
54 1
54 5
54 6
54 7
54 8
54 9
54 10
54 11
54 14
54 20
54 21
54 25
54 26
54 27
54 28
54 30
54 32
54 34
54 35
54 36
54 39
54 41
54 42
54 47
54 48
54 50
54 51
54 53
55 0
55 1
55 3
55 6
55 7
55 8
55 9
55 10
55 17
55 18
55 19
55 24
55 26
55 28
55 31
55 32
55 33
55 36
55 37
55 43
55 44
55 45
55 46
55 49
55 50
55 52
55 53
55 54
56 0
56 2
56 3
56 5
56 6
56 7
56 9
56 10
56 13
56 15
56 17
56 21
56 22
56 24
56 27
56 28
56 30
56 32
56 36
56 37
56 41
56 43
56 46
56 47
56 48
56 51
56 52
56 53
56 54
57 1
57 2
57 8
57 12
57 13
57 16
57 17
57 18
57 26
57 27
57 31
57 32
57 33
57 34
57 36
57 37
57 39
57 40
57 43
57 46
57 47
57 51
57 54
58 4
58 5
58 6
58 7
58 8
58 9
58 12
58 13
58 14
58 16
58 18
58 20
58 25
58 26
58 27
58 29
58 30
58 34
58 35
58 37
58 39
58 40
58 42
58 45
58 46
58 51
58 53
58 54
58 55
58 57
59 0
59 3
59 4
59 11
59 13
59 16
59 17
59 18
59 19
59 21
59 22
59 23
59 28
59 30
59 31
59 32
59 33
59 34
59 38
59 39
59 40
59 44
59 47
59 48
59 49
59 51
59 53
59 54
60 1
60 6
60 8
60 11
60 12
60 13
60 14
60 15
60 16
60 18
60 21
60 22
60 23
60 24
60 25
60 26
60 27
60 28
60 29
60 30
60 32
60 34
60 37
60 41
60 42
60 46
60 48
60 49
60 50
60 53
60 55
60 56
61 2
61 3
61 5
61 6
61 7
61 8
61 9
61 13
61 14
61 16
61 17
61 20
61 21
61 23
61 24
61 25
61 30
61 31
61 32
61 34
61 35
61 38
61 40
61 45
61 46
61 47
61 50
61 54
61 56
61 58
61 59
61 60
62 0
62 4
62 5
62 6
62 7
62 9
62 11
62 12
62 13
62 14
62 15
62 16
62 18
62 20
62 22
62 26
62 27
62 28
62 30
62 31
62 38
62 40
62 41
62 42
62 43
62 44
62 46
62 48
62 49
62 52
62 53
62 57
62 58
62 59
62 60
63 0
63 1
63 3
63 4
63 5
63 6
63 7
63 8
63 13
63 18
63 22
63 23
63 24
63 26
63 27
63 29
63 31
63 34
63 35
63 36
63 37
63 38
63 40
63 41
63 43
63 44
63 46
63 50
63 52
63 54
63 58
63 59
64 1
64 2
64 3
64 4
64 5
64 6
64 7
64 9
64 11
64 13
64 14
64 15
64 16
64 17
64 19
64 21
64 22
64 23
64 25
64 27
64 30
64 34
64 35
64 41
64 44
64 45
64 46
64 50
64 52
64 53
64 55
64 56
64 58
64 60
64 62
65 2
65 6
65 7
65 9
65 10
65 11
65 12
65 15
65 18
65 19
65 22
65 23
65 25
65 26
65 28
65 31
65 33
65 34
65 38
65 39
65 40
65 41
65 42
65 43
65 44
65 45
65 46
65 47
65 50
65 51
65 53
65 59
65 62
65 64
66 1
66 2
66 4
66 6
66 7
66 9
66 11
66 14
66 16
66 17
66 18
66 19
66 20
66 21
66 22
66 23
66 27
66 29
66 33
66 34
66 36
66 37
66 39
66 40
66 41
66 42
66 43
66 44
66 45
66 46
66 49
66 52
66 53
66 57
66 58
66 60
66 62
66 63
66 65
67 0
67 2
67 4
67 5
67 7
67 8
67 9
67 11
67 16
67 17
67 18
67 19
67 20
67 21
67 22
67 23
67 29
67 30
67 34
67 35
67 36
67 37
67 39
67 40
67 43
67 44
67 46
67 47
67 48
67 49
67 51
67 53
67 54
67 55
67 56
67 57
67 59
67 60
67 61
67 62
67 63
67 64
67 66
68 1
68 3
68 5
68 9
68 11
68 15
68 16
68 20
68 21
68 22
68 25
68 28
68 30
68 32
68 33
68 34
68 35
68 37
68 38
68 41
68 43
68 48
68 49
68 50
68 54
68 56
68 57
68 58
68 61
68 62
68 63
68 67
69 1
69 3
69 6
69 7
69 8
69 11
69 12
69 13
69 14
69 15
69 16
69 20
69 21
69 22
69 23
69 24
69 26
69 27
69 29
69 30
69 31
69 33
69 37
69 38
69 39
69 40
69 41
69 44
69 46
69 48
69 50
69 51
69 52
69 53
69 54
69 55
69 56
69 57
69 59
69 62
69 64
69 68
70 3
70 4
70 5
70 7
70 9
70 10
70 11
70 14
70 15
70 19
70 22
70 24
70 33
70 34
70 35
70 37
70 38
70 43
70 44
70 45
70 47
70 48
70 51
70 53
70 54
70 55
70 56
70 57
70 59
70 60
70 62
70 65
70 66
70 67
70 69
71 0
71 4
71 5
71 9
71 10
71 12
71 13
71 15
71 17
71 18
71 20
71 21
71 23
71 25
71 31
71 33
71 38
71 40
71 42
71 49
71 50
71 51
71 52
71 53
71 56
71 57
71 58
71 59
71 61
71 62
71 64
71 66
71 68
71 69
71 70
72 2
72 3
72 4
72 15
72 16
72 17
72 18
72 19
72 22
72 26
72 29
72 30
72 31
72 32
72 36
72 37
72 38
72 42
72 44
72 45
72 46
72 48
72 51
72 55
72 56
72 58
72 59
72 60
72 61
72 64
72 67
72 68
72 70
73 2
73 3
73 15
73 17
73 19
73 21
73 24
73 26
73 28
73 29
73 31
73 34
73 41
73 44
73 46
73 48
73 51
73 54
73 56
73 57
73 58
73 59
73 60
73 61
73 62
73 63
73 65
73 71
73 72
74 0
74 5
74 6
74 8
74 10
74 11
74 12
74 13
74 17
74 20
74 23
74 25
74 27
74 28
74 29
74 31
74 34
74 40
74 41
74 44
74 47
74 48
74 49
74 50
74 51
74 52
74 53
74 54
74 55
74 56
74 58
74 59
74 61
74 62
74 65
74 66
74 70
74 71
74 72
75 0
75 3
75 4
75 5
75 7
75 8
75 10
75 14
75 15
75 16
75 18
75 21
75 23
75 24
75 25
75 26
75 27
75 30
75 31
75 36
75 37
75 38
75 41
75 44
75 46
75 47
75 48
75 49
75 50
75 51
75 52
75 53
75 55
75 56
75 59
75 60
75 62
75 63
75 65
75 66
75 73
76 0
76 7
76 10
76 17
76 18
76 20
76 21
76 23
76 25
76 27
76 28
76 29
76 30
76 32
76 34
76 35
76 36
76 37
76 38
76 40
76 41
76 43
76 46
76 48
76 50
76 53
76 56
76 58
76 59
76 61
76 63
76 65
76 66
76 68
76 69
76 70
76 73
76 74
76 75
77 3
77 4
77 6
77 8
77 10
77 11
77 12
77 13
77 16
77 17
77 18
77 20
77 22
77 24
77 25
77 26
77 27
77 30
77 31
77 32
77 34
77 36
77 39
77 41
77 42
77 43
77 45
77 48
77 49
77 52
77 53
77 54
77 57
77 58
77 60
77 61
77 62
77 66
77 71
77 74
77 76
78 0
78 6
78 7
78 11
78 12
78 14
78 15
78 16
78 17
78 18
78 22
78 23
78 24
78 25
78 27
78 28
78 29
78 32
78 48
78 50
78 52
78 54
78 58
78 64
78 68
78 71
78 73
79 0
79 1
79 2
79 3
79 4
79 5
79 7
79 9
79 11
79 16
79 17
79 20
79 25
79 26
79 27
79 28
79 29
79 30
79 31
79 34
79 37
79 38
79 39
79 40
79 42
79 44
79 45
79 47
79 49
79 50
79 51
79 52
79 53
79 54
79 58
79 60
79 63
79 64
79 68
79 69
79 70
79 72
79 73
79 74
79 75
79 76
79 77
79 78
80 0
80 1
80 2
80 3
80 4
80 7
80 8
80 11
80 12
80 14
80 16
80 17
80 19
80 20
80 23
80 24
80 33
80 35
80 37
80 40
80 42
80 44
80 45
80 46
80 48
80 50
80 51
80 52
80 53
80 57
80 58
80 61
80 62
80 63
80 64
80 65
80 66
80 69
80 74
80 75
80 76
81 0
81 2
81 6
81 7
81 9
81 10
81 11
81 12
81 15
81 17
81 18
81 19
81 21
81 23
81 25
81 26
81 28
81 30
81 31
81 33
81 35
81 36
81 37
81 38
81 39
81 41
81 44
81 46
81 51
81 52
81 53
81 54
81 56
81 60
81 62
81 67
81 68
81 70
81 72
81 73
81 76
81 78
82 1
82 3
82 6
82 10
82 11
82 12
82 13
82 15
82 19
82 20
82 21
82 22
82 23
82 28
82 29
82 31
82 32
82 34
82 36
82 37
82 38
82 39
82 40
82 43
82 44
82 49
82 51
82 52
82 53
82 54
82 56
82 57
82 58
82 59
82 64
82 65
82 66
82 68
82 70
82 71
82 72
82 73
82 77
82 79
83 0
83 1
83 2
83 5
83 6
83 10
83 11
83 14
83 16
83 17
83 20
83 21
83 22
83 25
83 26
83 27
83 28
83 34
83 39
83 40
83 42
83 45
83 46
83 47
83 48
83 49
83 50
83 53
83 56
83 57
83 58
83 59
83 61
83 62
83 63
83 65
83 66
83 67
83 68
83 70
83 73
83 77
83 79
83 81
83 82
84 0
84 1
84 3
84 8
84 10
84 13
84 14
84 15
84 16
84 19
84 22
84 24
84 27
84 28
84 29
84 33
84 35
84 36
84 37
84 38
84 40
84 42
84 43
84 47
84 48
84 49
84 51
84 52
84 55
84 56
84 58
84 59
84 63
84 64
84 65
84 67
84 69
84 72
84 76
84 79
84 80
85 0
85 2
85 3
85 4
85 7
85 8
85 11
85 12
85 17
85 18
85 19
85 20
85 22
85 24
85 26
85 28
85 31
85 32
85 34
85 35
85 36
85 39
85 41
85 42
85 43
85 48
85 51
85 54
85 55
85 57
85 58
85 60
85 62
85 63
85 64
85 66
85 68
85 70
85 74
85 77
85 78
85 79
85 80
85 84
86 0
86 3
86 4
86 5
86 6
86 7
86 9
86 10
86 12
86 14
86 17
86 18
86 19
86 22
86 23
86 27
86 30
86 31
86 33
86 36
86 38
86 40
86 41
86 43
86 44
86 45
86 46
86 47
86 48
86 50
86 51
86 52
86 53
86 54
86 56
86 59
86 60
86 64
86 65
86 66
86 67
86 68
86 70
86 73
86 79
86 82
87 1
87 5
87 6
87 8
87 10
87 12
87 14
87 16
87 18
87 23
87 25
87 28
87 34
87 37
87 38
87 39
87 40
87 41
87 42
87 45
87 46
87 47
87 49
87 50
87 51
87 53
87 54
87 55
87 56
87 58
87 59
87 62
87 64
87 65
87 69
87 72
87 73
87 79
87 80
87 84
88 1
88 2
88 3
88 7
88 8
88 9
88 10
88 11
88 13
88 14
88 15
88 16
88 17
88 25
88 30
88 32
88 35
88 38
88 39
88 46
88 48
88 51
88 53
88 54
88 55
88 57
88 58
88 59
88 61
88 64
88 68
88 69
88 70
88 71
88 72
88 74
88 75
88 76
88 77
88 78
88 79
88 81
88 82
88 86
89 0
89 1
89 9
89 10
89 14
89 23
89 25
89 28
89 31
89 33
89 36
89 37
89 38
89 41
89 43
89 44
89 46
89 48
89 51
89 53
89 54
89 55
89 57
89 59
89 61
89 63
89 64
89 65
89 67
89 69
89 70
89 73
89 74
89 78
89 79
89 81
89 82
89 83
89 86
89 88
90 1
90 3
90 6
90 7
90 9
90 14
90 16
90 18
90 20
90 22
90 23
90 24
90 25
90 26
90 29
90 30
90 37
90 38
90 39
90 40
90 41
90 42
90 47
90 50
90 52
90 54
90 55
90 56
90 59
90 60
90 62
90 65
90 66
90 73
90 74
90 76
90 77
90 78
90 79
90 80
90 81
90 83
90 86
90 87
91 0
91 1
91 4
91 8
91 13
91 15
91 16
91 19
91 21
91 22
91 23
91 24
91 28
91 29
91 30
91 31
91 33
91 35
91 36
91 38
91 41
91 42
91 44
91 45
91 46
91 47
91 51
91 52
91 53
91 54
91 56
91 57
91 58
91 62
91 64
91 67
91 68
91 69
91 71
91 72
91 73
91 75
91 79
91 80
91 81
91 83
91 84
91 86
91 88
91 89
91 90
92 0
92 1
92 4
92 5
92 7
92 10
92 12
92 13
92 14
92 16
92 17
92 18
92 21
92 22
92 24
92 26
92 27
92 30
92 31
92 32
92 34
92 35
92 36
92 37
92 39
92 40
92 41
92 43
92 45
92 48
92 51
92 56
92 57
92 60
92 63
92 65
92 66
92 70
92 71
92 73
92 75
92 76
92 77
92 78
92 81
92 83
92 84
92 85
92 88
93 0
93 4
93 5
93 8
93 10
93 11
93 14
93 15
93 18
93 20
93 22
93 27
93 30
93 31
93 32
93 33
93 35
93 37
93 39
93 40
93 43
93 47
93 51
93 52
93 53
93 54
93 56
93 57
93 58
93 60
93 62
93 64
93 65
93 66
93 72
93 73
93 74
93 77
93 78
93 80
93 86
93 87
93 89
93 91
94 1
94 3
94 5
94 6
94 8
94 13
94 14
94 17
94 18
94 19
94 25
94 28
94 29
94 30
94 31
94 32
94 34
94 37
94 38
94 40
94 43
94 45
94 47
94 50
94 51
94 57
94 59
94 60
94 61
94 63
94 64
94 65
94 66
94 72
94 73
94 75
94 76
94 78
94 79
94 81
94 83
94 87
94 89
94 91
94 92
94 93
95 0
95 1
95 2
95 8
95 9
95 10
95 11
95 12
95 13
95 14
95 16
95 18
95 19
95 20
95 21
95 22
95 24
95 31
95 32
95 33
95 34
95 35
95 37
95 38
95 40
95 41
95 43
95 44
95 46
95 47
95 48
95 49
95 54
95 56
95 57
95 60
95 61
95 62
95 67
95 69
95 70
95 71
95 78
95 80
95 83
95 84
95 87
95 88
95 89
95 90
96 0
96 1
96 3
96 4
96 6
96 7
96 10
96 12
96 15
96 17
96 19
96 21
96 24
96 26
96 27
96 28
96 30
96 31
96 32
96 33
96 34
96 36
96 39
96 42
96 44
96 46
96 47
96 48
96 49
96 51
96 52
96 53
96 55
96 60
96 62
96 65
96 67
96 69
96 71
96 72
96 73
96 74
96 77
96 80
96 81
96 82
96 83
96 84
96 86
96 87
96 92
96 94
97 2
97 4
97 6
97 7
97 8
97 9
97 14
97 15
97 16
97 18
97 25
97 27
97 29
97 30
97 32
97 35
97 36
97 39
97 40
97 44
97 47
97 49
97 50
97 53
97 59
97 61
97 64
97 65
97 66
97 67
97 69
97 71
97 72
97 73
97 74
97 76
97 77
97 79
97 80
97 81
97 82
97 83
97 88
97 90
97 91
97 93
97 96
98 8
98 10
98 13
98 15
98 22
98 23
98 26
98 31
98 32
98 34
98 36
98 39
98 42
98 43
98 46
98 50
98 51
98 52
98 53
98 55
98 56
98 58
98 61
98 63
98 64
98 66
98 69
98 70
98 71
98 73
98 75
98 77
98 80
98 81
98 82
98 84
98 86
98 89
98 90
98 93
98 94
98 95
98 96
99 0
99 1
99 5
99 6
99 8
99 9
99 10
99 11
99 14
99 15
99 17
99 18
99 22
99 27
99 28
99 29
99 30
99 32
99 33
99 34
99 35
99 39
99 43
99 45
99 51
99 53
99 55
99 56
99 57
99 59
99 62
99 63
99 64
99 65
99 68
99 69
99 71
99 72
99 74
99 80
99 81
99 82
99 85
99 86
99 87
99 90
99 91
99 95
99 96
99 98
100 2
100 3
100 4
100 5
100 6
100 7
100 8
100 9
100 10
100 12
100 13
100 14
100 16
100 17
100 19
100 20
100 21
100 23
100 24
100 25
100 26
100 27
100 28
100 32
100 33
100 35
100 36
100 37
100 39
100 40
100 41
100 44
100 45
100 48
100 49
100 51
100 52
100 54
100 55
100 56
100 57
100 58
100 59
100 60
100 64
100 68
100 69
100 70
100 75
100 77
100 79
100 81
100 82
100 83
100 84
100 85
100 86
100 87
100 89
100 92
100 93
100 97
100 98
101 2
101 4
101 5
101 6
101 8
101 15
101 16
101 18
101 23
101 25
101 28
101 31
101 34
101 36
101 37
101 38
101 39
101 41
101 42
101 46
101 47
101 49
101 50
101 52
101 57
101 59
101 60
101 61
101 63
101 64
101 65
101 67
101 68
101 69
101 71
101 73
101 76
101 77
101 81
101 82
101 84
101 85
101 86
101 89
101 90
101 93
101 98
102 0
102 1
102 2
102 3
102 6
102 7
102 11
102 13
102 21
102 24
102 25
102 27
102 28
102 38
102 39
102 40
102 41
102 47
102 48
102 53
102 54
102 55
102 56
102 57
102 59
102 60
102 62
102 66
102 68
102 71
102 76
102 77
102 79
102 81
102 84
102 85
102 86
102 88
102 90
102 93
102 94
102 95
102 96
102 99
102 101
103 1
103 3
103 5
103 7
103 9
103 10
103 11
103 14
103 16
103 19
103 20
103 21
103 23
103 25
103 27
103 28
103 32
103 33
103 34
103 36
103 37
103 39
103 40
103 41
103 42
103 43
103 44
103 45
103 47
103 49
103 50
103 52
103 53
103 54
103 58
103 63
103 65
103 66
103 67
103 68
103 69
103 70
103 71
103 72
103 73
103 74
103 75
103 78
103 80
103 81
103 86
103 87
103 88
103 90
103 93
103 94
103 95
103 98
103 100
103 101
103 102
104 1
104 2
104 3
104 5
104 6
104 7
104 9
104 11
104 12
104 13
104 15
104 18
104 22
104 25
104 26
104 27
104 31
104 34
104 35
104 37
104 39
104 41
104 44
104 47
104 48
104 51
104 54
104 55
104 56
104 57
104 58
104 61
104 62
104 63
104 64
104 65
104 66
104 67
104 69
104 72
104 73
104 75
104 76
104 77
104 78
104 80
104 83
104 88
104 89
104 90
104 92
104 93
104 96
104 100
104 103
105 1
105 2
105 6
105 7
105 8
105 13
105 14
105 16
105 17
105 19
105 20
105 25
105 26
105 32
105 33
105 35
105 36
105 38
105 39
105 40
105 41
105 42
105 43
105 49
105 52
105 54
105 58
105 60
105 61
105 62
105 63
105 64
105 65
105 68
105 69
105 70
105 71
105 72
105 73
105 74
105 79
105 80
105 82
105 83
105 84
105 85
105 88
105 93
105 94
105 98
105 99
105 100
105 101
106 2
106 9
106 11
106 12
106 13
106 15
106 16
106 17
106 18
106 22
106 23
106 24
106 25
106 28
106 29
106 31
106 33
106 34
106 35
106 37
106 38
106 39
106 40
106 41
106 42
106 44
106 45
106 46
106 50
106 51
106 52
106 53
106 54
106 56
106 58
106 59
106 62
106 63
106 65
106 66
106 67
106 68
106 75
106 76
106 79
106 80
106 81
106 82
106 83
106 85
106 88
106 92
106 93
106 95
106 96
106 97
106 100
106 102
106 104
106 105
107 1
107 2
107 3
107 4
107 5
107 9
107 10
107 12
107 13
107 15
107 17
107 20
107 24
107 25
107 27
107 28
107 35
107 36
107 37
107 38
107 40
107 41
107 43
107 44
107 45
107 46
107 50
107 52
107 55
107 56
107 57
107 58
107 61
107 63
107 67
107 70
107 71
107 72
107 73
107 75
107 76
107 79
107 81
107 85
107 87
107 89
107 93
107 94
107 95
107 96
107 102
107 103
107 105
107 106
108 0
108 3
108 4
108 5
108 6
108 10
108 11
108 12
108 14
108 15
108 16
108 21
108 23
108 25
108 27
108 28
108 30
108 31
108 32
108 33
108 37
108 38
108 39
108 40
108 43
108 44
108 46
108 47
108 49
108 52
108 53
108 54
108 56
108 59
108 63
108 65
108 67
108 71
108 74
108 75
108 76
108 78
108 80
108 81
108 83
108 84
108 87
108 88
108 89
108 91
108 92
108 97
108 98
108 100
108 101
108 104
109 1
109 2
109 3
109 11
109 12
109 15
109 16
109 17
109 18
109 20
109 24
109 25
109 26
109 27
109 28
109 30
109 33
109 35
109 39
109 40
109 41
109 42
109 44
109 45
109 47
109 48
109 49
109 50
109 52
109 54
109 55
109 56
109 60
109 61
109 62
109 65
109 69
109 75
109 76
109 78
109 83
109 85
109 89
109 90
109 92
109 93
109 94
109 100
109 101
109 102
109 103
109 104
109 107
109 108
110 0
110 2
110 5
110 6
110 9
110 10
110 14
110 16
110 18
110 19
110 20
110 25
110 26
110 28
110 29
110 31
110 32
110 33
110 35
110 36
110 37
110 39
110 41
110 44
110 45
110 48
110 49
110 52
110 54
110 61
110 63
110 65
110 67
110 71
110 73
110 75
110 76
110 80
110 82
110 85
110 87
110 88
110 89
110 91
110 92
110 93
110 97
110 98
110 99
110 101
110 103
110 106
111 1
111 9
111 11
111 13
111 14
111 15
111 17
111 19
111 20
111 23
111 26
111 30
111 36
111 38
111 39
111 41
111 42
111 44
111 47
111 49
111 52
111 54
111 61
111 63
111 65
111 67
111 73
111 75
111 76
111 79
111 82
111 85
111 88
111 95
111 96
111 97
111 98
111 99
111 100
111 101
111 102
111 103
111 104
111 105
111 107
111 108
112 0
112 1
112 5
112 6
112 8
112 9
112 10
112 11
112 16
112 17
112 21
112 27
112 30
112 32
112 33
112 34
112 36
112 37
112 38
112 39
112 41
112 45
112 48
112 49
112 50
112 51
112 52
112 54
112 56
112 57
112 59
112 60
112 62
112 63
112 64
112 65
112 66
112 68
112 69
112 70
112 71
112 73
112 74
112 75
112 76
112 78
112 80
112 81
112 82
112 83
112 86
112 88
112 89
112 91
112 92
112 93
112 94
112 96
112 97
112 98
112 99
112 100
112 101
112 105
112 106
112 109
112 110
112 111
113 0
113 3
113 9
113 11
113 12
113 13
113 14
113 15
113 17
113 19
113 20
113 23
113 24
113 27
113 28
113 30
113 33
113 34
113 36
113 38
113 39
113 40
113 42
113 44
113 47
113 49
113 50
113 51
113 52
113 53
113 56
113 61
113 62
113 63
113 69
113 70
113 76
113 77
113 80
113 82
113 84
113 85
113 86
113 89
113 90
113 92
113 95
113 96
113 97
113 98
113 99
113 103
113 105
113 107
113 108
113 111
113 112
114 4
114 6
114 7
114 8
114 10
114 12
114 13
114 15
114 16
114 17
114 18
114 20
114 21
114 23
114 24
114 25
114 27
114 28
114 29
114 35
114 38
114 42
114 44
114 45
114 47
114 48
114 49
114 51
114 53
114 54
114 56
114 57
114 62
114 63
114 64
114 65
114 66
114 67
114 73
114 74
114 75
114 77
114 80
114 82
114 84
114 87
114 88
114 89
114 91
114 92
114 94
114 95
114 96
114 98
114 99
114 102
114 104
114 105
114 107
114 108
114 110
114 111
114 112
115 0
115 1
115 2
115 3
115 5
115 7
115 8
115 9
115 11
115 13
115 14
115 16
115 21
115 23
115 26
115 28
115 31
115 32
115 34
115 36
115 37
115 39
115 40
115 43
115 44
115 45
115 46
115 47
115 49
115 50
115 54
115 55
115 57
115 58
115 59
115 60
115 61
115 62
115 63
115 64
115 66
115 67
115 68
115 69
115 70
115 71
115 75
115 78
115 79
115 80
115 83
115 84
115 87
115 89
115 90
115 95
115 102
115 105
115 106
115 108
115 109
115 110
115 111
115 114
116 0
116 1
116 3
116 5
116 7
116 10
116 12
116 15
116 16
116 18
116 19
116 21
116 24
116 25
116 26
116 27
116 28
116 29
116 30
116 33
116 36
116 37
116 38
116 40
116 46
116 47
116 49
116 51
116 52
116 59
116 61
116 62
116 63
116 64
116 65
116 66
116 67
116 68
116 71
116 74
116 78
116 79
116 80
116 81
116 82
116 83
116 85
116 86
116 87
116 88
116 91
116 92
116 93
116 94
116 95
116 96
116 97
116 98
116 99
116 101
116 106
116 108
116 110
116 111
116 112
116 113
116 114
116 115
117 0
117 1
117 2
117 4
117 7
117 8
117 9
117 11
117 12
117 15
117 17
117 18
117 22
117 23
117 25
117 27
117 28
117 29
117 30
117 34
117 40
117 41
117 44
117 45
117 50
117 51
117 52
117 57
117 58
117 59
117 60
117 62
117 65
117 68
117 69
117 70
117 71
117 73
117 74
117 76
117 79
117 80
117 83
117 89
117 90
117 91
117 92
117 94
117 96
117 97
117 98
117 102
117 103
117 104
117 105
117 106
117 112
117 113
117 114
117 116
118 3
118 7
118 10
118 11
118 13
118 17
118 19
118 20
118 22
118 23
118 25
118 27
118 28
118 32
118 33
118 36
118 37
118 38
118 39
118 40
118 41
118 42
118 43
118 44
118 45
118 48
118 50
118 52
118 54
118 55
118 56
118 58
118 63
118 67
118 68
118 70
118 73
118 75
118 78
118 83
118 87
118 88
118 89
118 90
118 93
118 96
118 97
118 99
118 102
118 103
118 106
118 107
118 108
118 112
118 113
118 114
118 115
118 117
119 2
119 4
119 5
119 12
119 13
119 14
119 16
119 17
119 18
119 19
119 23
119 25
119 29
119 30
119 33
119 35
119 37
119 39
119 40
119 42
119 44
119 45
119 46
119 48
119 49
119 51
119 52
119 56
119 59
119 64
119 65
119 68
119 71
119 72
119 73
119 74
119 75
119 76
119 77
119 78
119 79
119 82
119 84
119 86
119 88
119 89
119 91
119 92
119 93
119 94
119 95
119 97
119 99
119 100
119 101
119 102
119 106
119 107
119 108
119 109
119 110
119 112
119 113
119 114
119 116
120 0
120 2
120 5
120 10
120 11
120 12
120 15
120 17
120 18
120 21
120 22
120 23
120 25
120 26
120 27
120 29
120 30
120 31
120 32
120 34
120 36
120 40
120 41
120 43
120 46
120 48
120 50
120 51
120 52
120 53
120 54
120 55
120 58
120 59
120 62
120 65
120 68
120 69
120 70
120 71
120 72
120 73
120 81
120 83
120 84
120 85
120 86
120 88
120 90
120 91
120 92
120 93
120 94
120 99
120 102
120 104
120 105
120 106
120 108
120 109
120 110
120 111
120 112
120 113
120 115
120 116
120 117
120 118
121 1
121 5
121 6
121 7
121 8
121 11
121 13
121 14
121 15
121 17
121 19
121 20
121 22
121 25
121 26
121 31
121 34
121 35
121 37
121 38
121 40
121 43
121 44
121 45
121 46
121 48
121 50
121 52
121 53
121 54
121 56
121 60
121 61
121 63
121 64
121 65
121 67
121 68
121 69
121 70
121 71
121 72
121 76
121 77
121 78
121 79
121 80
121 82
121 84
121 86
121 87
121 90
121 92
121 93
121 96
121 97
121 98
121 100
121 101
121 104
121 105
121 106
121 109
121 110
121 111
121 114
121 115
121 119
122 1
122 2
122 6
122 7
122 9
122 10
122 11
122 12
122 17
122 18
122 21
122 26
122 28
122 29
122 30
122 31
122 32
122 33
122 36
122 40
122 43
122 48
122 49
122 51
122 55
122 56
122 57
122 60
122 61
122 66
122 70
122 71
122 74
122 75
122 80
122 81
122 82
122 83
122 86
122 90
122 93
122 96
122 98
122 99
122 103
122 105
122 108
122 109
122 111
122 114
122 115
122 116
122 118
123 1
123 4
123 5
123 6
123 7
123 10
123 13
123 16
123 19
123 21
123 23
123 26
123 29
123 33
123 35
123 38
123 40
123 41
123 42
123 44
123 45
123 46
123 49
123 50
123 51
123 52
123 53
123 54
123 56
123 64
123 66
123 67
123 69
123 72
123 76
123 77
123 78
123 80
123 82
123 83
123 84
123 85
123 86
123 87
123 89
123 91
123 93
123 94
123 95
123 99
123 103
123 104
123 105
123 106
123 110
123 111
123 112
123 113
123 114
123 115
123 116
123 121
123 122
124 0
124 1
124 4
124 5
124 10
124 11
124 13
124 17
124 18
124 20
124 21
124 22
124 24
124 25
124 26
124 29
124 32
124 33
124 36
124 37
124 40
124 42
124 43
124 44
124 46
124 47
124 50
124 52
124 54
124 55
124 57
124 60
124 63
124 64
124 66
124 70
124 73
124 74
124 76
124 78
124 81
124 83
124 87
124 89
124 91
124 92
124 93
124 94
124 96
124 97
124 100
124 101
124 103
124 104
124 106
124 108
124 109
124 111
124 114
124 116
124 120
124 121
124 123
125 0
125 3
125 5
125 6
125 7
125 9
125 12
125 13
125 14
125 15
125 17
125 18
125 19
125 20
125 22
125 23
125 26
125 27
125 29
125 30
125 40
125 43
125 44
125 50
125 51
125 52
125 55
125 57
125 58
125 61
125 64
125 66
125 67
125 68
125 69
125 71
125 73
125 75
125 77
125 81
125 82
125 83
125 86
125 89
125 90
125 91
125 92
125 94
125 95
125 96
125 97
125 99
125 100
125 107
125 109
125 121
125 123
126 1
126 4
126 5
126 10
126 11
126 13
126 14
126 15
126 17
126 18
126 19
126 21
126 23
126 24
126 28
126 31
126 33
126 34
126 36
126 40
126 41
126 46
126 48
126 50
126 54
126 55
126 57
126 59
126 60
126 63
126 67
126 72
126 73
126 74
126 75
126 76
126 77
126 85
126 87
126 88
126 90
126 91
126 93
126 94
126 97
126 101
126 102
126 105
126 106
126 107
126 110
126 112
126 113
126 114
126 115
126 118
126 119
126 125
127 0
127 1
127 2
127 6
127 7
127 8
127 9
127 10
127 13
127 15
127 16
127 19
127 20
127 23
127 28
127 29
127 31
127 33
127 34
127 36
127 37
127 38
127 39
127 41
127 46
127 47
127 49
127 50
127 53
127 54
127 56
127 57
127 58
127 60
127 61
127 63
127 64
127 65
127 67
127 70
127 73
127 74
127 75
127 76
127 77
127 80
127 83
127 84
127 85
127 88
127 89
127 90
127 91
127 92
127 93
127 94
127 96
127 98
127 99
127 106
127 109
127 110
127 112
127 114
127 115
127 117
127 118
127 119
127 121
127 123
127 124
127 125
128 0
128 1
128 3
128 6
128 7
128 8
128 10
128 12
128 14
128 15
128 17
128 18
128 19
128 20
128 21
128 22
128 23
128 24
128 26
128 31
128 32
128 34
128 36
128 37
128 40
128 41
128 43
128 44
128 46
128 48
128 50
128 51
128 55
128 60
128 64
128 65
128 66
128 67
128 70
128 71
128 74
128 75
128 78
128 79
128 80
128 81
128 82
128 83
128 84
128 85
128 86
128 88
128 89
128 92
128 96
128 98
128 99
128 101
128 104
128 107
128 108
128 109
128 110
128 113
128 115
128 119
128 121
128 122
129 2
129 5
129 11
129 12
129 13
129 14
129 18
129 19
129 21
129 22
129 24
129 27
129 28
129 29
129 30
129 34
129 35
129 36
129 38
129 39
129 41
129 42
129 43
129 44
129 47
129 48
129 55
129 57
129 58
129 62
129 63
129 64
129 65
129 66
129 68
129 69
129 73
129 74
129 75
129 77
129 80
129 81
129 86
129 87
129 88
129 92
129 93
129 94
129 96
129 97
129 99
129 101
129 103
129 105
129 106
129 108
129 111
129 112
129 113
129 114
129 115
129 116
129 118
129 119
129 120
129 121
129 124
130 0
130 1
130 4
130 9
130 10
130 11
130 13
130 14
130 15
130 17
130 19
130 20
130 22
130 23
130 25
130 31
130 32
130 33
130 34
130 37
130 39
130 42
130 43
130 47
130 48
130 49
130 50
130 51
130 54
130 59
130 60
130 62
130 63
130 65
130 66
130 69
130 71
130 73
130 74
130 75
130 76
130 77
130 80
130 82
130 83
130 85
130 86
130 92
130 93
130 96
130 97
130 99
130 100
130 101
130 103
130 105
130 106
130 109
130 111
130 112
130 116
130 117
130 119
130 121
130 122
130 125
130 127
130 129
131 1
131 5
131 6
131 7
131 9
131 10
131 11
131 15
131 18
131 19
131 20
131 21
131 22
131 23
131 25
131 26
131 28
131 32
131 34
131 35
131 37
131 38
131 40
131 43
131 45
131 46
131 47
131 49
131 50
131 53
131 54
131 55
131 56
131 57
131 58
131 60
131 61
131 64
131 66
131 68
131 72
131 74
131 77
131 78
131 81
131 86
131 87
131 91
131 92
131 93
131 94
131 96
131 97
131 98
131 102
131 105
131 106
131 107
131 116
131 118
131 120
131 122
131 123
131 125
131 129
131 130
132 1
132 2
132 3
132 4
132 5
132 6
132 9
132 12
132 14
132 17
132 20
132 21
132 22
132 23
132 27
132 28
132 29
132 31
132 33
132 35
132 37
132 38
132 40
132 47
132 50
132 51
132 55
132 56
132 59
132 61
132 73
132 75
132 76
132 80
132 81
132 84
132 85
132 86
132 92
132 93
132 95
132 96
132 100
132 101
132 102
132 106
132 107
132 109
132 112
132 113
132 115
132 116
132 117
132 119
132 121
132 124
132 125
132 131
133 0
133 1
133 3
133 5
133 6
133 7
133 8
133 10
133 12
133 13
133 18
133 19
133 21
133 22
133 24
133 26
133 27
133 28
133 29
133 32
133 33
133 35
133 38
133 39
133 40
133 41
133 43
133 44
133 46
133 48
133 52
133 53
133 55
133 57
133 58
133 59
133 60
133 62
133 63
133 64
133 65
133 66
133 69
133 72
133 73
133 74
133 76
133 77
133 80
133 82
133 86
133 87
133 88
133 90
133 92
133 93
133 96
133 97
133 98
133 100
133 101
133 102
133 103
133 105
133 106
133 107
133 111
133 112
133 117
133 118
133 120
133 121
133 123
133 124
133 125
133 127
133 129
133 131
133 132
134 1
134 2
134 8
134 9
134 11
134 12
134 22
134 27
134 30
134 34
134 37
134 45
134 46
134 47
134 49
134 53
134 57
134 59
134 60
134 62
134 63
134 65
134 69
134 70
134 71
134 72
134 74
134 76
134 78
134 81
134 84
134 87
134 88
134 91
134 92
134 93
134 96
134 97
134 99
134 101
134 102
134 103
134 105
134 107
134 108
134 110
134 111
134 112
134 113
134 114
134 115
134 116
134 117
134 118
134 120
134 121
134 123
134 124
134 126
134 127
134 129
134 131
135 1
135 3
135 4
135 5
135 6
135 8
135 11
135 15
135 16
135 17
135 21
135 23
135 24
135 26
135 27
135 32
135 34
135 35
135 36
135 37
135 41
135 43
135 46
135 49
135 50
135 51
135 52
135 54
135 57
135 58
135 60
135 65
135 66
135 67
135 68
135 70
135 71
135 74
135 75
135 76
135 79
135 82
135 83
135 86
135 92
135 94
135 95
135 96
135 98
135 99
135 100
135 103
135 104
135 106
135 108
135 112
135 116
135 117
135 121
135 122
135 124
135 125
135 126
135 127
135 129
136 11
136 13
136 14
136 15
136 18
136 22
136 26
136 27
136 29
136 30
136 32
136 33
136 34
136 35
136 36
136 37
136 39
136 40
136 42
136 44
136 48
136 49
136 50
136 53
136 54
136 55
136 58
136 59
136 60
136 61
136 63
136 64
136 67
136 68
136 69
136 70
136 71
136 72
136 73
136 75
136 76
136 77
136 80
136 81
136 82
136 85
136 86
136 87
136 88
136 91
136 99
136 100
136 102
136 103
136 108
136 109
136 110
136 112
136 113
136 115
136 122
136 123
136 124
136 126
136 127
136 128
136 130
136 131
136 133
136 135
137 0
137 1
137 4
137 5
137 6
137 7
137 8
137 10
137 11
137 12
137 14
137 17
137 18
137 21
137 22
137 23
137 25
137 26
137 27
137 28
137 31
137 32
137 36
137 39
137 40
137 44
137 46
137 47
137 50
137 52
137 53
137 55
137 56
137 57
137 59
137 60
137 66
137 69
137 76
137 77
137 80
137 82
137 83
137 86
137 87
137 89
137 92
137 94
137 98
137 102
137 107
137 112
137 113
137 115
137 118
137 120
137 121
137 124
137 128
137 129
137 131
137 133
138 0
138 1
138 2
138 3
138 4
138 6
138 7
138 11
138 15
138 16
138 17
138 25
138 30
138 31
138 33
138 35
138 36
138 38
138 39
138 41
138 42
138 43
138 45
138 46
138 48
138 50
138 52
138 53
138 55
138 56
138 57
138 60
138 62
138 63
138 66
138 69
138 71
138 75
138 80
138 81
138 86
138 87
138 89
138 91
138 92
138 93
138 96
138 98
138 99
138 104
138 108
138 111
138 114
138 115
138 116
138 117
138 120
138 122
138 125
138 126
138 127
138 130
139 0
139 1
139 2
139 4
139 5
139 6
139 7
139 13
139 14
139 16
139 19
139 24
139 27
139 28
139 29
139 30
139 31
139 33
139 35
139 36
139 38
139 41
139 45
139 46
139 47
139 51
139 55
139 58
139 59
139 60
139 62
139 64
139 66
139 73
139 74
139 77
139 78
139 81
139 82
139 83
139 84
139 85
139 90
139 91
139 93
139 94
139 95
139 99
139 100
139 102
139 103
139 105
139 108
139 109
139 111
139 113
139 114
139 116
139 122
139 123
139 124
139 125
139 133
139 134
139 136
139 138
140 1
140 2
140 3
140 4
140 6
140 7
140 8
140 9
140 11
140 15
140 19
140 20
140 24
140 29
140 30
140 31
140 32
140 33
140 35
140 36
140 37
140 39
140 41
140 42
140 43
140 45
140 46
140 50
140 55
140 56
140 61
140 62
140 64
140 65
140 68
140 70
140 72
140 73
140 74
140 79
140 80
140 81
140 82
140 84
140 85
140 86
140 87
140 88
140 90
140 93
140 95
140 98
140 99
140 100
140 101
140 104
140 110
140 114
140 116
140 118
140 121
140 124
140 126
140 127
140 129
140 130
140 131
140 133
140 135
140 138
141 0
141 3
141 5
141 7
141 8
141 9
141 10
141 14
141 15
141 17
141 18
141 21
141 24
141 27
141 29
141 34
141 35
141 38
141 40
141 42
141 44
141 45
141 48
141 54
141 56
141 58
141 59
141 61
141 63
141 64
141 66
141 67
141 68
141 69
141 70
141 71
141 73
141 74
141 78
141 79
141 82
141 84
141 85
141 91
141 93
141 94
141 96
141 98
141 101
141 104
141 110
141 113
141 116
141 117
141 118
141 119
141 120
141 121
141 123
141 124
141 127
141 128
141 129
141 131
141 133
141 135
141 136
142 0
142 2
142 3
142 4
142 5
142 6
142 8
142 9
142 10
142 12
142 13
142 14
142 16
142 18
142 20
142 22
142 24
142 25
142 28
142 31
142 34
142 45
142 46
142 47
142 51
142 52
142 53
142 54
142 56
142 57
142 60
142 61
142 66
142 69
142 73
142 75
142 77
142 79
142 80
142 81
142 82
142 83
142 84
142 86
142 90
142 91
142 94
142 95
142 97
142 98
142 99
142 100
142 102
142 105
142 106
142 107
142 109
142 110
142 111
142 112
142 113
142 114
142 116
142 119
142 120
142 123
142 124
142 127
142 128
142 129
142 130
142 135
142 137
142 139
142 141
143 1
143 2
143 3
143 4
143 7
143 8
143 14
143 15
143 16
143 17
143 18
143 19
143 20
143 25
143 27
143 28
143 35
143 39
143 40
143 41
143 46
143 47
143 48
143 50
143 52
143 54
143 56
143 57
143 58
143 59
143 60
143 61
143 67
143 73
143 74
143 75
143 76
143 77
143 78
143 79
143 81
143 83
143 85
143 89
143 95
143 100
143 105
143 106
143 107
143 108
143 110
143 111
143 112
143 114
143 115
143 117
143 119
143 120
143 121
143 122
143 123
143 125
143 128
143 129
143 132
143 137
143 138
143 139
143 140
143 141
144 0
144 2
144 6
144 7
144 8
144 11
144 12
144 15
144 16
144 20
144 25
144 26
144 27
144 28
144 30
144 31
144 35
144 38
144 39
144 41
144 45
144 46
144 47
144 49
144 52
144 54
144 56
144 59
144 60
144 61
144 63
144 69
144 71
144 72
144 73
144 75
144 76
144 81
144 83
144 86
144 87
144 89
144 91
144 92
144 95
144 97
144 98
144 103
144 107
144 109
144 110
144 111
144 113
144 115
144 118
144 119
144 124
144 125
144 127
144 128
144 129
144 130
144 133
144 135
144 136
144 138
144 140
144 141
144 142
144 143
145 0
145 3
145 4
145 5
145 7
145 8
145 16
145 17
145 18
145 21
145 22
145 23
145 24
145 26
145 32
145 33
145 36
145 37
145 38
145 39
145 40
145 41
145 42
145 43
145 44
145 46
145 52
145 58
145 59
145 63
145 66
145 68
145 70
145 71
145 73
145 74
145 77
145 78
145 80
145 85
145 87
145 88
145 89
145 90
145 92
145 93
145 98
145 99
145 103
145 105
145 107
145 110
145 112
145 113
145 117
145 118
145 121
145 123
145 125
145 127
145 128
145 129
145 132
145 139
145 142
145 143
145 144
146 1
146 3
146 6
146 7
146 8
146 9
146 10
146 13
146 14
146 18
146 19
146 21
146 22
146 23
146 24
146 25
146 33
146 36
146 39
146 41
146 43
146 45
146 46
146 47
146 49
146 50
146 53
146 55
146 56
146 58
146 60
146 61
146 63
146 66
146 70
146 71
146 74
146 75
146 77
146 78
146 81
146 83
146 84
146 87
146 88
146 89
146 92
146 94
146 96
146 98
146 103
146 104
146 105
146 106
146 107
146 110
146 115
146 117
146 118
146 119
146 121
146 123
146 124
146 127
146 128
146 130
146 131
146 133
146 134
146 137
146 139
146 140
146 141
146 142
146 145
147 0
147 1
147 4
147 6
147 7
147 8
147 9
147 10
147 12
147 15
147 16
147 17
147 20
147 23
147 24
147 26
147 27
147 28
147 29
147 30
147 31
147 32
147 35
147 36
147 37
147 39
147 40
147 41
147 42
147 44
147 48
147 50
147 52
147 53
147 55
147 57
147 62
147 65
147 67
147 68
147 70
147 71
147 72
147 73
147 74
147 75
147 76
147 77
147 78
147 79
147 84
147 85
147 86
147 88
147 90
147 91
147 92
147 93
147 94
147 95
147 96
147 97
147 98
147 99
147 102
147 103
147 107
147 108
147 110
147 112
147 113
147 115
147 116
147 121
147 123
147 125
147 133
147 135
147 137
147 138
147 143
147 145
148 1
148 3
148 4
148 6
148 7
148 9
148 11
148 12
148 14
148 18
148 22
148 23
148 24
148 25
148 26
148 28
148 29
148 30
148 31
148 32
148 33
148 34
148 35
148 38
148 40
148 41
148 42
148 43
148 48
148 50
148 51
148 56
148 57
148 60
148 61
148 62
148 64
148 65
148 68
148 70
148 71
148 73
148 75
148 76
148 77
148 81
148 82
148 83
148 85
148 88
148 91
148 93
148 94
148 96
148 101
148 102
148 104
148 106
148 107
148 109
148 111
148 112
148 113
148 116
148 120
148 127
148 131
148 132
148 133
148 135
148 140
148 143
148 145
148 147
149 1
149 2
149 4
149 7
149 9
149 11
149 12
149 14
149 15
149 17
149 19
149 20
149 21
149 23
149 26
149 27
149 29
149 32
149 33
149 34
149 37
149 40
149 43
149 44
149 45
149 46
149 47
149 49
149 51
149 52
149 54
149 58
149 59
149 60
149 61
149 62
149 63
149 64
149 65
149 66
149 67
149 75
149 79
149 81
149 84
149 85
149 87
149 94
149 96
149 103
149 104
149 105
149 107
149 111
149 112
149 113
149 115
149 116
149 118
149 121
149 122
149 123
149 128
149 131
149 133
149 136
149 141
149 142
149 144
149 145
149 146
149 148
150 0
150 1
150 4
150 6
150 7
150 8
150 9
150 10
150 12
150 14
150 16
150 19
150 21
150 23
150 25
150 26
150 28
150 30
150 33
150 37
150 40
150 44
150 47
150 51
150 52
150 55
150 58
150 59
150 63
150 64
150 66
150 67
150 68
150 69
150 70
150 76
150 77
150 78
150 79
150 80
150 82
150 83
150 84
150 85
150 86
150 87
150 88
150 89
150 91
150 92
150 93
150 94
150 95
150 96
150 99
150 100
150 102
150 105
150 106
150 107
150 108
150 110
150 111
150 112
150 114
150 115
150 119
150 121
150 124
150 125
150 126
150 127
150 128
150 132
150 136
150 142
150 145
150 147
150 148
150 149
151 0
151 1
151 6
151 11
151 12
151 13
151 14
151 15
151 16
151 17
151 21
151 22
151 23
151 24
151 25
151 27
151 28
151 29
151 32
151 33
151 34
151 35
151 40
151 41
151 45
151 46
151 49
151 50
151 51
151 53
151 54
151 55
151 56
151 57
151 58
151 61
151 63
151 64
151 65
151 69
151 70
151 71
151 72
151 74
151 75
151 77
151 79
151 81
151 82
151 88
151 92
151 93
151 94
151 95
151 97
151 98
151 100
151 102
151 104
151 105
151 107
151 108
151 112
151 116
151 118
151 121
151 122
151 124
151 126
151 131
151 134
151 138
151 139
151 141
151 142
151 145
151 146
151 150
152 1
152 3
152 4
152 5
152 6
152 9
152 10
152 11
152 13
152 16
152 17
152 18
152 21
152 23
152 25
152 26
152 27
152 28
152 31
152 32
152 34
152 36
152 37
152 38
152 41
152 45
152 48
152 49
152 53
152 55
152 56
152 57
152 58
152 60
152 62
152 64
152 65
152 70
152 71
152 72
152 73
152 74
152 76
152 78
152 79
152 80
152 81
152 83
152 84
152 88
152 89
152 91
152 92
152 94
152 96
152 97
152 101
152 104
152 105
152 106
152 107
152 108
152 109
152 112
152 117
152 124
152 127
152 128
152 129
152 130
152 131
152 133
152 134
152 136
152 138
152 140
152 141
152 143
152 145
152 146
152 147
152 148
152 150
152 151
153 0
153 3
153 4
153 5
153 6
153 7
153 8
153 11
153 12
153 13
153 14
153 15
153 17
153 18
153 20
153 24
153 25
153 26
153 27
153 28
153 29
153 30
153 33
153 36
153 37
153 48
153 50
153 51
153 52
153 53
153 55
153 56
153 57
153 60
153 62
153 64
153 66
153 68
153 72
153 74
153 75
153 77
153 78
153 79
153 80
153 82
153 83
153 84
153 85
153 91
153 93
153 94
153 96
153 103
153 104
153 106
153 112
153 114
153 115
153 118
153 119
153 120
153 122
153 123
153 124
153 131
153 132
153 133
153 136
153 137
153 138
153 140
153 141
153 149
153 150
153 151
153 152
154 0
154 1
154 2
154 4
154 6
154 7
154 8
154 11
154 13
154 17
154 20
154 21
154 22
154 24
154 25
154 28
154 29
154 30
154 31
154 32
154 34
154 36
154 37
154 40
154 41
154 43
154 45
154 46
154 47
154 48
154 49
154 50
154 52
154 53
154 55
154 57
154 58
154 59
154 62
154 67
154 69
154 71
154 72
154 73
154 75
154 78
154 80
154 81
154 83
154 84
154 88
154 89
154 92
154 93
154 96
154 97
154 98
154 99
154 100
154 103
154 110
154 111
154 112
154 113
154 114
154 117
154 119
154 126
154 129
154 130
154 131
154 137
154 140
154 141
154 142
154 143
154 144
154 145
154 146
154 147
154 148
154 152
155 0
155 3
155 4
155 5
155 6
155 14
155 15
155 17
155 21
155 25
155 26
155 29
155 30
155 32
155 35
155 39
155 41
155 42
155 44
155 45
155 46
155 48
155 49
155 50
155 53
155 54
155 55
155 58
155 59
155 60
155 61
155 63
155 64
155 65
155 66
155 67
155 68
155 71
155 73
155 80
155 81
155 84
155 87
155 88
155 89
155 90
155 91
155 92
155 94
155 95
155 97
155 99
155 100
155 101
155 102
155 104
155 105
155 107
155 108
155 109
155 110
155 114
155 115
155 117
155 118
155 121
155 122
155 123
155 124
155 126
155 128
155 129
155 131
155 135
155 136
155 137
155 141
155 142
155 144
155 145
155 146
155 150
155 151
155 153
156 0
156 4
156 5
156 6
156 7
156 8
156 10
156 14
156 16
156 17
156 18
156 19
156 20
156 21
156 22
156 23
156 25
156 27
156 29
156 30
156 31
156 33
156 35
156 36
156 37
156 38
156 40
156 43
156 45
156 46
156 49
156 51
156 52
156 53
156 57
156 58
156 59
156 69
156 76
156 78
156 79
156 84
156 85
156 86
156 87
156 90
156 94
156 96
156 100
156 105
156 108
156 114
156 116
156 117
156 118
156 122
156 124
156 126
156 133
156 134
156 137
156 139
156 141
156 145
156 148
156 151
156 153
156 154
157 0
157 1
157 2
157 3
157 4
157 11
157 12
157 14
157 16
157 17
157 18
157 19
157 20
157 21
157 23
157 25
157 27
157 31
157 34
157 35
157 36
157 37
157 38
157 39
157 42
157 44
157 47
157 48
157 49
157 50
157 51
157 52
157 56
157 57
157 58
157 59
157 60
157 62
157 63
157 65
157 66
157 68
157 70
157 71
157 73
157 77
157 78
157 79
157 80
157 82
157 83
157 84
157 85
157 87
157 90
157 93
157 94
157 95
157 99
157 100
157 101
157 103
157 107
157 109
157 111
157 112
157 114
157 117
157 118
157 120
157 122
157 125
157 126
157 129
157 131
157 132
157 133
157 137
157 138
157 144
157 147
157 148
157 150
157 152
157 153
157 154
157 155
158 1
158 7
158 8
158 9
158 11
158 12
158 15
158 17
158 19
158 21
158 24
158 26
158 28
158 30
158 32
158 33
158 35
158 36
158 37
158 38
158 39
158 41
158 42
158 43
158 45
158 46
158 51
158 52
158 54
158 62
158 63
158 65
158 67
158 69
158 70
158 71
158 73
158 74
158 75
158 77
158 79
158 80
158 81
158 86
158 90
158 94
158 96
158 102
158 104
158 105
158 107
158 111
158 112
158 113
158 118
158 119
158 120
158 121
158 124
158 126
158 127
158 129
158 130
158 132
158 133
158 137
158 138
158 139
158 141
158 143
158 145
158 146
158 148
158 150
158 152
158 153
158 154
159 3
159 5
159 6
159 7
159 8
159 9
159 10
159 11
159 12
159 13
159 15
159 16
159 18
159 22
159 24
159 25
159 26
159 27
159 33
159 34
159 36
159 37
159 39
159 40
159 41
159 42
159 45
159 46
159 49
159 54
159 57
159 58
159 63
159 65
159 68
159 70
159 71
159 73
159 75
159 76
159 77
159 79
159 80
159 81
159 85
159 88
159 90
159 93
159 99
159 100
159 101
159 104
159 106
159 107
159 108
159 109
159 111
159 112
159 113
159 118
159 119
159 120
159 121
159 122
159 126
159 127
159 128
159 129
159 132
159 134
159 138
159 139
159 140
159 144
159 147
159 154
159 156
160 1
160 2
160 3
160 4
160 5
160 7
160 9
160 10
160 12
160 13
160 15
160 20
160 25
160 27
160 29
160 30
160 32
160 33
160 34
160 35
160 36
160 39
160 41
160 42
160 43
160 46
160 51
160 52
160 57
160 58
160 59
160 62
160 63
160 66
160 67
160 68
160 71
160 72
160 73
160 74
160 75
160 78
160 79
160 81
160 84
160 85
160 87
160 89
160 90
160 91
160 96
160 98
160 100
160 101
160 102
160 107
160 109
160 110
160 111
160 113
160 119
160 120
160 122
160 129
160 131
160 132
160 133
160 135
160 139
160 140
160 141
160 142
160 143
160 144
160 146
160 147
160 149
160 150
160 151
160 152
160 153
160 154
160 159
161 0
161 1
161 6
161 8
161 9
161 10
161 12
161 13
161 14
161 15
161 19
161 20
161 24
161 25
161 26
161 27
161 28
161 29
161 32
161 33
161 40
161 41
161 42
161 43
161 44
161 45
161 47
161 48
161 49
161 50
161 51
161 52
161 53
161 54
161 55
161 56
161 58
161 59
161 60
161 64
161 65
161 66
161 67
161 69
161 71
161 73
161 75
161 81
161 82
161 83
161 88
161 92
161 93
161 95
161 96
161 98
161 99
161 100
161 104
161 106
161 107
161 108
161 109
161 113
161 116
161 117
161 118
161 119
161 121
161 122
161 124
161 125
161 131
161 132
161 133
161 134
161 135
161 136
161 137
161 138
161 144
161 152
161 153
161 158
161 160
162 0
162 1
162 3
162 4
162 5
162 9
162 10
162 11
162 12
162 13
162 15
162 17
162 19
162 21
162 24
162 28
162 29
162 31
162 34
162 37
162 38
162 39
162 40
162 42
162 44
162 46
162 47
162 49
162 50
162 53
162 54
162 57
162 59
162 61
162 63
162 64
162 65
162 67
162 68
162 70
162 72
162 75
162 78
162 81
162 87
162 88
162 89
162 91
162 93
162 96
162 98
162 102
162 104
162 107
162 108
162 110
162 112
162 116
162 117
162 119
162 120
162 122
162 125
162 126
162 131
162 134
162 135
162 136
162 137
162 138
162 139
162 142
162 143
162 144
162 145
162 147
162 148
162 152
162 153
162 156
162 157
162 158
162 160
163 0
163 7
163 9
163 10
163 13
163 14
163 15
163 16
163 20
163 23
163 25
163 27
163 28
163 36
163 38
163 39
163 40
163 41
163 42
163 44
163 46
163 47
163 48
163 50
163 56
163 58
163 61
163 64
163 66
163 67
163 68
163 70
163 71
163 73
163 74
163 76
163 78
163 84
163 86
163 88
163 89
163 90
163 92
163 95
163 97
163 100
163 102
163 103
163 105
163 108
163 109
163 110
163 111
163 112
163 114
163 115
163 117
163 118
163 119
163 121
163 126
163 128
163 134
163 135
163 140
163 142
163 143
163 145
163 146
163 147
163 148
163 150
163 151
163 152
163 154
163 156
163 158
163 160
163 162
164 0
164 1
164 2
164 4
164 5
164 7
164 9
164 12
164 14
164 16
164 18
164 19
164 20
164 23
164 24
164 26
164 27
164 29
164 31
164 32
164 34
164 35
164 38
164 40
164 41
164 45
164 47
164 48
164 51
164 53
164 54
164 55
164 57
164 58
164 59
164 62
164 64
164 66
164 68
164 69
164 70
164 71
164 73
164 77
164 81
164 82
164 86
164 87
164 89
164 90
164 96
164 102
164 104
164 105
164 108
164 109
164 114
164 115
164 116
164 124
164 125
164 128
164 129
164 130
164 132
164 133
164 135
164 137
164 139
164 140
164 142
164 145
164 148
164 156
164 160
164 161
164 162
164 163
165 2
165 4
165 5
165 6
165 7
165 9
165 11
165 13
165 14
165 16
165 17
165 19
165 20
165 23
165 24
165 26
165 31
165 32
165 33
165 36
165 40
165 41
165 43
165 46
165 48
165 49
165 51
165 54
165 55
165 58
165 66
165 67
165 69
165 71
165 75
165 79
165 80
165 81
165 82
165 84
165 86
165 88
165 89
165 91
165 96
165 98
165 100
165 104
165 111
165 112
165 114
165 115
165 116
165 117
165 118
165 121
165 123
165 125
165 127
165 130
165 131
165 133
165 134
165 136
165 138
165 142
165 144
165 145
165 146
165 147
165 148
165 150
165 152
165 156
165 158
165 160
165 164
166 2
166 3
166 5
166 6
166 10
166 11
166 12
166 14
166 21
166 22
166 23
166 25
166 26
166 27
166 29
166 31
166 33
166 34
166 42
166 44
166 48
166 50
166 51
166 52
166 55
166 56
166 61
166 65
166 66
166 68
166 78
166 80
166 82
166 83
166 85
166 91
166 92
166 93
166 97
166 98
166 100
166 105
166 107
166 109
166 112
166 113
166 115
166 119
166 120
166 121
166 122
166 124
166 125
166 126
166 127
166 128
166 129
166 132
166 133
166 134
166 135
166 137
166 138
166 139
166 140
166 141
166 144
166 145
166 147
166 148
166 149
166 153
166 155
166 157
166 158
166 159
166 163
166 165
167 3
167 4
167 5
167 6
167 8
167 16
167 18
167 20
167 21
167 23
167 24
167 25
167 27
167 28
167 30
167 31
167 35
167 38
167 42
167 47
167 49
167 51
167 55
167 60
167 67
167 68
167 69
167 71
167 72
167 74
167 75
167 77
167 78
167 79
167 80
167 81
167 82
167 83
167 84
167 85
167 88
167 90
167 91
167 92
167 93
167 96
167 97
167 99
167 101
167 104
167 106
167 108
167 109
167 112
167 116
167 118
167 120
167 122
167 123
167 128
167 129
167 131
167 135
167 136
167 137
167 138
167 142
167 143
167 145
167 149
167 151
167 152
167 154
167 155
167 156
167 157
167 159
167 165
167 166
168 0
168 2
168 3
168 9
168 11
168 13
168 15
168 18
168 19
168 20
168 21
168 22
168 24
168 26
168 28
168 33
168 34
168 35
168 36
168 37
168 41
168 42
168 43
168 46
168 48
168 49
168 54
168 58
168 60
168 62
168 64
168 65
168 66
168 69
168 70
168 73
168 74
168 78
168 79
168 80
168 84
168 85
168 87
168 89
168 91
168 93
168 95
168 99
168 101
168 103
168 106
168 107
168 108
168 110
168 111
168 113
168 117
168 119
168 121
168 124
168 127
168 128
168 129
168 131
168 133
168 137
168 138
168 141
168 142
168 143
168 144
168 145
168 148
168 154
168 157
168 158
168 160
168 163
168 167
169 0
169 1
169 4
169 5
169 7
169 10
169 11
169 12
169 13
169 14
169 16
169 20
169 21
169 25
169 26
169 28
169 29
169 30
169 31
169 32
169 33
169 34
169 36
169 41
169 42
169 45
169 46
169 47
169 48
169 50
169 51
169 53
169 55
169 58
169 60
169 61
169 62
169 63
169 66
169 69
169 70
169 73
169 76
169 77
169 78
169 79
169 84
169 86
169 87
169 88
169 89
169 94
169 97
169 100
169 101
169 102
169 103
169 104
169 105
169 106
169 111
169 112
169 113
169 115
169 118
169 122
169 123
169 126
169 127
169 128
169 129
169 133
169 134
169 135
169 138
169 139
169 141
169 145
169 146
169 147
169 148
169 151
169 154
169 155
169 156
169 166
170 1
170 4
170 5
170 8
170 10
170 12
170 13
170 14
170 15
170 16
170 17
170 19
170 24
170 25
170 26
170 27
170 32
170 33
170 34
170 35
170 38
170 39
170 40
170 41
170 42
170 43
170 44
170 45
170 47
170 48
170 49
170 51
170 54
170 57
170 58
170 64
170 67
170 70
170 73
170 75
170 78
170 81
170 82
170 83
170 88
170 91
170 96
170 97
170 101
170 102
170 104
170 106
170 107
170 108
170 112
170 114
170 119
170 123
170 125
170 129
170 130
170 131
170 132
170 138
170 140
170 144
170 145
170 146
170 149
170 150
170 152
170 155
170 157
170 158
170 162
170 164
170 166
170 168
170 169
171 1
171 3
171 7
171 10
171 12
171 13
171 15
171 17
171 18
171 19
171 20
171 21
171 22
171 26
171 27
171 28
171 29
171 31
171 34
171 38
171 39
171 42
171 45
171 46
171 50
171 53
171 58
171 59
171 60
171 63
171 64
171 65
171 66
171 70
171 73
171 74
171 77
171 82
171 83
171 86
171 87
171 88
171 90
171 91
171 92
171 95
171 96
171 97
171 98
171 99
171 100
171 101
171 104
171 105
171 106
171 107
171 108
171 109
171 110
171 113
171 118
171 120
171 121
171 122
171 123
171 124
171 125
171 126
171 127
171 130
171 133
171 134
171 135
171 137
171 138
171 139
171 142
171 144
171 149
171 153
171 154
171 155
171 156
171 157
171 158
171 159
171 164
171 166
171 167
171 168
171 169
171 170
172 2
172 3
172 4
172 10
172 13
172 14
172 18
172 20
172 21
172 25
172 26
172 30
172 32
172 33
172 34
172 35
172 37
172 40
172 44
172 45
172 46
172 47
172 49
172 52
172 53
172 57
172 58
172 60
172 61
172 62
172 63
172 64
172 68
172 69
172 70
172 72
172 73
172 74
172 76
172 77
172 78
172 79
172 82
172 84
172 85
172 86
172 92
172 93
172 94
172 96
172 98
172 99
172 100
172 101
172 106
172 109
172 110
172 112
172 113
172 116
172 117
172 118
172 119
172 120
172 123
172 125
172 129
172 130
172 132
172 133
172 135
172 136
172 139
172 142
172 143
172 145
172 146
172 148
172 149
172 150
172 151
172 152
172 153
172 154
172 155
172 157
172 158
172 160
172 162
172 163
172 166
172 169
172 171
173 1
173 3
173 4
173 7
173 9
173 11
173 15
173 18
173 20
173 21
173 22
173 23
173 25
173 26
173 27
173 28
173 29
173 30
173 31
173 32
173 34
173 35
173 39
173 40
173 43
173 44
173 45
173 47
173 53
173 54
173 55
173 56
173 57
173 59
173 63
173 65
173 66
173 70
173 73
173 79
173 81
173 82
173 86
173 87
173 89
173 90
173 92
173 94
173 97
173 98
173 99
173 106
173 110
173 116
173 121
173 124
173 128
173 130
173 133
173 135
173 136
173 137
173 138
173 139
173 140
173 141
173 144
173 149
173 151
173 153
173 154
173 155
173 156
173 158
173 162
173 163
173 164
173 165
173 168
173 169
173 170
173 172
174 1
174 7
174 8
174 9
174 11
174 13
174 16
174 18
174 19
174 21
174 26
174 28
174 30
174 35
174 36
174 41
174 42
174 43
174 46
174 47
174 49
174 50
174 51
174 52
174 53
174 54
174 56
174 57
174 59
174 60
174 61
174 62
174 65
174 69
174 70
174 72
174 76
174 83
174 85
174 86
174 88
174 89
174 92
174 96
174 98
174 99
174 100
174 101
174 103
174 105
174 107
174 108
174 109
174 110
174 111
174 112
174 113
174 114
174 115
174 116
174 117
174 119
174 120
174 122
174 125
174 126
174 128
174 129
174 130
174 131
174 133
174 134
174 135
174 136
174 138
174 139
174 141
174 143
174 144
174 147
174 148
174 149
174 151
174 156
174 157
174 158
174 160
174 162
174 164
174 166
174 167
174 168
174 169
174 170
174 173
175 3
175 18
175 19
175 21
175 24
175 26
175 33
175 35
175 36
175 38
175 41
175 44
175 45
175 47
175 48
175 49
175 50
175 51
175 52
175 59
175 60
175 61
175 63
175 65
175 67
175 69
175 70
175 71
175 73
175 75
175 78
175 81
175 84
175 86
175 87
175 91
175 94
175 96
175 98
175 100
175 103
175 105
175 106
175 107
175 108
175 114
175 115
175 117
175 118
175 120
175 122
175 124
175 125
175 126
175 127
175 129
175 131
175 133
175 136
175 137
175 138
175 140
175 144
175 148
175 149
175 151
175 154
175 156
175 157
175 159
175 160
175 161
175 162
175 163
175 167
175 170
175 171
175 172
175 173
176 1
176 5
176 6
176 15
176 16
176 19
176 22
176 26
176 27
176 30
176 31
176 33
176 34
176 35
176 37
176 38
176 39
176 42
176 43
176 44
176 46
176 49
176 50
176 51
176 52
176 53
176 56
176 57
176 58
176 60
176 62
176 66
176 67
176 69
176 72
176 73
176 76
176 79
176 80
176 81
176 82
176 83
176 85
176 86
176 87
176 89
176 90
176 91
176 92
176 94
176 95
176 101
176 102
176 103
176 104
176 105
176 106
176 112
176 116
176 118
176 119
176 120
176 121
176 122
176 124
176 125
176 126
176 127
176 130
176 131
176 133
176 134
176 135
176 139
176 140
176 143
176 144
176 150
176 153
176 155
176 157
176 161
176 165
176 166
176 167
176 174
176 175
177 1
177 2
177 3
177 7
177 11
177 12
177 15
177 16
177 19
177 20
177 21
177 23
177 24
177 27
177 29
177 30
177 31
177 33
177 43
177 45
177 49
177 50
177 51
177 54
177 55
177 61
177 63
177 65
177 66
177 67
177 69
177 71
177 72
177 73
177 74
177 76
177 78
177 79
177 80
177 81
177 83
177 94
177 95
177 97
177 98
177 100
177 101
177 103
177 104
177 105
177 109
177 110
177 112
177 115
177 116
177 117
177 119
177 120
177 121
177 124
177 126
177 129
177 130
177 131
177 132
177 135
177 136
177 139
177 142
177 145
177 147
177 151
177 158
177 160
177 163
177 164
177 168
177 174
177 175
177 176
178 0
178 4
178 5
178 7
178 10
178 11
178 15
178 16
178 17
178 18
178 21
178 23
178 24
178 26
178 27
178 29
178 30
178 31
178 32
178 34
178 38
178 40
178 42
178 43
178 44
178 45
178 47
178 51
178 53
178 54
178 55
178 57
178 58
178 64
178 65
178 66
178 69
178 71
178 72
178 75
178 76
178 77
178 78
178 80
178 82
178 84
178 85
178 89
178 91
178 92
178 94
178 95
178 97
178 98
178 99
178 101
178 105
178 106
178 107
178 110
178 111
178 112
178 113
178 114
178 115
178 116
178 118
178 119
178 120
178 121
178 122
178 123
178 125
178 127
178 128
178 129
178 132
178 134
178 135
178 137
178 138
178 139
178 141
178 143
178 151
178 152
178 153
178 156
178 158
178 160
178 161
178 163
178 164
178 166
178 168
178 169
178 172
178 173
178 174
178 175
178 176
179 1
179 3
179 4
179 6
179 7
179 14
179 15
179 16
179 17
179 19
179 22
179 23
179 26
179 30
179 31
179 38
179 40
179 44
179 48
179 53
179 56
179 57
179 58
179 60
179 62
179 63
179 64
179 67
179 73
179 74
179 79
179 84
179 85
179 86
179 87
179 89
179 90
179 91
179 92
179 93
179 104
179 107
179 108
179 109
179 111
179 112
179 113
179 116
179 119
179 120
179 121
179 122
179 123
179 124
179 126
179 127
179 128
179 129
179 132
179 133
179 134
179 136
179 137
179 138
179 139
179 146
179 147
179 148
179 150
179 152
179 154
179 157
179 159
179 162
179 171
179 173
179 174
179 175
180 1
180 3
180 6
180 8
180 9
180 10
180 11
180 14
180 15
180 17
180 18
180 20
180 22
180 28
180 29
180 30
180 31
180 32
180 33
180 34
180 36
180 38
180 41
180 43
180 44
180 45
180 47
180 48
180 49
180 50
180 53
180 55
180 59
180 60
180 62
180 63
180 64
180 66
180 69
180 70
180 71
180 73
180 74
180 75
180 76
180 78
180 79
180 83
180 84
180 86
180 88
180 90
180 91
180 93
180 97
180 100
180 101
180 106
180 107
180 109
180 110
180 111
180 112
180 113
180 114
180 117
180 119
180 120
180 128
180 129
180 130
180 131
180 132
180 133
180 134
180 135
180 136
180 137
180 138
180 140
180 142
180 143
180 145
180 146
180 149
180 153
180 154
180 155
180 156
180 157
180 159
180 162
180 164
180 165
180 169
180 174
180 175
180 176
180 178
181 0
181 2
181 7
181 9
181 11
181 12
181 15
181 16
181 17
181 19
181 21
181 22
181 24
181 25
181 26
181 29
181 30
181 35
181 38
181 40
181 41
181 43
181 47
181 48
181 49
181 53
181 55
181 58
181 59
181 60
181 69
181 72
181 75
181 76
181 78
181 79
181 81
181 83
181 86
181 87
181 88
181 93
181 94
181 97
181 99
181 100
181 101
181 102
181 105
181 106
181 108
181 109
181 110
181 113
181 115
181 116
181 120
181 121
181 122
181 125
181 127
181 130
181 132
181 138
181 139
181 143
181 147
181 148
181 152
181 153
181 156
181 157
181 158
181 159
181 160
181 161
181 162
181 164
181 166
181 168
181 170
181 171
181 172
181 173
181 174
181 180
182 3
182 5
182 6
182 7
182 8
182 9
182 11
182 12
182 15
182 16
182 17
182 20
182 24
182 25
182 30
182 31
182 33
182 34
182 35
182 36
182 37
182 44
182 45
182 46
182 48
182 52
182 53
182 57
182 58
182 60
182 62
182 63
182 67
182 71
182 72
182 73
182 75
182 76
182 82
182 84
182 85
182 93
182 94
182 98
182 101
182 102
182 103
182 104
182 105
182 107
182 109
182 110
182 113
182 114
182 118
182 119
182 120
182 121
182 122
182 124
182 126
182 127
182 129
182 132
182 133
182 134
182 136
182 137
182 140
182 142
182 143
182 145
182 146
182 148
182 150
182 151
182 153
182 154
182 155
182 157
182 159
182 163
182 164
182 166
182 175
182 180
183 1
183 3
183 5
183 6
183 7
183 11
183 16
183 17
183 25
183 26
183 27
183 29
183 30
183 32
183 33
183 35
183 37
183 38
183 44
183 45
183 47
183 48
183 50
183 51
183 52
183 55
183 58
183 63
183 67
183 68
183 69
183 71
183 75
183 76
183 77
183 78
183 80
183 82
183 83
183 84
183 86
183 87
183 88
183 89
183 90
183 91
183 92
183 95
183 96
183 99
183 102
183 104
183 105
183 106
183 107
183 108
183 110
183 112
183 113
183 114
183 115
183 118
183 119
183 121
183 122
183 124
183 125
183 126
183 128
183 129
183 132
183 134
183 135
183 137
183 138
183 139
183 143
183 144
183 148
183 149
183 151
183 153
183 156
183 160
183 165
183 166
183 167
183 169
183 172
183 174
183 175
183 178
183 179
183 181
184 1
184 3
184 4
184 8
184 9
184 10
184 16
184 18
184 20
184 21
184 22
184 23
184 26
184 27
184 28
184 29
184 32
184 34
184 44
184 45
184 47
184 49
184 52
184 53
184 57
184 58
184 61
184 63
184 65
184 68
184 69
184 75
184 78
184 80
184 81
184 83
184 86
184 88
184 92
184 93
184 94
184 95
184 96
184 99
184 100
184 106
184 108
184 109
184 110
184 111
184 112
184 117
184 118
184 119
184 121
184 122
184 123
184 125
184 126
184 128
184 130
184 132
184 134
184 135
184 141
184 144
184 146
184 149
184 150
184 151
184 152
184 153
184 155
184 156
184 157
184 160
184 164
184 167
184 169
184 172
184 176
184 177
184 179
184 181
185 1
185 2
185 3
185 11
185 12
185 18
185 20
185 22
185 23
185 29
185 30
185 36
185 40
185 41
185 44
185 45
185 47
185 52
185 61
185 62
185 67
185 68
185 69
185 70
185 73
185 74
185 78
185 79
185 81
185 83
185 84
185 85
185 86
185 90
185 91
185 92
185 94
185 99
185 101
185 102
185 103
185 111
185 112
185 118
185 119
185 120
185 122
185 124
185 130
185 134
185 135
185 136
185 137
185 138
185 141
185 144
185 146
185 147
185 148
185 149
185 153
185 156
185 158
185 160
185 162
185 164
185 167
185 168
185 172
185 175
185 176
185 180
185 183
185 184
186 1
186 5
186 6
186 10
186 11
186 15
186 18
186 19
186 20
186 22
186 27
186 28
186 30
186 31
186 33
186 37
186 38
186 39
186 40
186 49
186 50
186 51
186 52
186 56
186 58
186 60
186 61
186 62
186 63
186 64
186 67
186 68
186 71
186 72
186 75
186 76
186 78
186 80
186 81
186 82
186 83
186 85
186 87
186 88
186 92
186 95
186 97
186 98
186 103
186 104
186 109
186 114
186 116
186 117
186 118
186 120
186 124
186 125
186 129
186 131
186 132
186 133
186 139
186 141
186 144
186 146
186 147
186 149
186 150
186 154
186 158
186 160
186 161
186 162
186 163
186 164
186 166
186 169
186 170
186 174
186 175
186 176
186 182
186 183
186 184
186 185
187 1
187 4
187 6
187 11
187 14
187 17
187 22
187 25
187 26
187 27
187 33
187 34
187 35
187 36
187 37
187 38
187 40
187 42
187 43
187 46
187 49
187 51
187 52
187 53
187 56
187 58
187 60
187 61
187 63
187 64
187 65
187 66
187 68
187 71
187 72
187 73
187 77
187 78
187 79
187 82
187 83
187 84
187 88
187 89
187 91
187 92
187 93
187 94
187 97
187 99
187 104
187 109
187 113
187 115
187 116
187 117
187 118
187 119
187 120
187 121
187 123
187 125
187 127
187 128
187 132
187 134
187 141
187 143
187 144
187 147
187 148
187 149
187 151
187 152
187 153
187 155
187 158
187 159
187 161
187 163
187 165
187 166
187 167
187 168
187 169
187 171
187 172
187 173
187 175
187 176
187 179
187 181
187 182
187 183
187 185
188 0
188 1
188 4
188 5
188 6
188 7
188 10
188 13
188 18
188 21
188 24
188 26
188 27
188 30
188 35
188 36
188 38
188 40
188 41
188 42
188 43
188 44
188 45
188 47
188 49
188 50
188 51
188 55
188 56
188 59
188 60
188 61
188 63
188 66
188 68
188 70
188 71
188 72
188 73
188 76
188 78
188 79
188 80
188 81
188 82
188 85
188 87
188 89
188 90
188 91
188 92
188 93
188 95
188 96
188 97
188 102
188 103
188 104
188 105
188 106
188 107
188 110
188 112
188 115
188 118
188 119
188 120
188 122
188 123
188 124
188 126
188 127
188 128
188 130
188 133
188 134
188 137
188 138
188 143
188 146
188 153
188 155
188 156
188 158
188 159
188 160
188 163
188 164
188 166
188 171
188 172
188 173
188 177
188 179
188 180
188 182
188 183
188 186
188 187
189 0
189 1
189 2
189 7
189 10
189 15
189 16
189 19
189 20
189 21
189 26
189 28
189 29
189 30
189 37
189 38
189 39
189 42
189 45
189 46
189 47
189 48
189 50
189 57
189 60
189 61
189 65
189 66
189 67
189 70
189 72
189 75
189 76
189 77
189 78
189 79
189 81
189 85
189 87
189 88
189 90
189 91
189 93
189 97
189 101
189 103
189 105
189 109
189 110
189 112
189 113
189 114
189 118
189 121
189 122
189 124
189 125
189 126
189 127
189 128
189 129
189 132
189 138
189 140
189 143
189 145
189 148
189 149
189 151
189 152
189 154
189 155
189 158
189 159
189 160
189 164
189 167
189 168
189 170
189 172
189 173
189 174
189 177
189 179
189 181
189 183
189 186
189 188
190 1
190 3
190 5
190 7
190 8
190 9
190 10
190 14
190 16
190 19
190 20
190 23
190 28
190 29
190 30
190 33
190 34
190 36
190 38
190 39
190 40
190 43
190 44
190 45
190 46
190 47
190 48
190 51
190 52
190 57
190 65
190 66
190 68
190 70
190 71
190 73
190 74
190 75
190 79
190 81
190 82
190 83
190 84
190 85
190 86
190 87
190 88
190 90
190 92
190 93
190 98
190 99
190 100
190 103
190 107
190 110
190 113
190 115
190 116
190 119
190 120
190 121
190 127
190 129
190 130
190 132
190 134
190 137
190 138
190 140
190 141
190 147
190 148
190 149
190 150
190 158
190 160
190 161
190 164
190 172
190 174
190 176
190 178
190 181
190 182
190 183
190 189
191 3
191 4
191 5
191 9
191 10
191 11
191 12
191 13
191 17
191 19
191 20
191 21
191 23
191 26
191 28
191 30
191 31
191 32
191 34
191 35
191 36
191 37
191 38
191 51
191 52
191 55
191 57
191 61
191 63
191 66
191 71
191 72
191 73
191 74
191 77
191 78
191 79
191 81
191 82
191 83
191 87
191 88
191 89
191 95
191 97
191 101
191 103
191 105
191 107
191 112
191 113
191 114
191 115
191 119
191 121
191 124
191 125
191 127
191 132
191 133
191 134
191 136
191 137
191 141
191 143
191 145
191 147
191 148
191 156
191 158
191 161
191 163
191 164
191 165
191 166
191 169
191 170
191 175
191 177
191 178
191 179
191 180
191 181
191 182
191 184
191 187
191 188
191 190
192 3
192 5
192 6
192 7
192 9
192 10
192 12
192 13
192 15
192 17
192 18
192 23
192 24
192 25
192 26
192 27
192 29
192 33
192 34
192 39
192 41
192 42
192 43
192 44
192 45
192 46
192 47
192 51
192 53
192 54
192 57
192 62
192 66
192 67
192 69
192 70
192 73
192 74
192 75
192 77
192 78
192 79
192 82
192 85
192 87
192 90
192 92
192 97
192 99
192 100
192 103
192 104
192 105
192 107
192 108
192 116
192 117
192 119
192 120
192 121
192 124
192 125
192 126
192 128
192 130
192 132
192 134
192 136
192 143
192 146
192 149
192 150
192 151
192 154
192 156
192 157
192 159
192 166
192 168
192 170
192 171
192 173
192 176
192 178
192 179
192 181
192 182
192 183
192 184
192 185
192 186
192 188
192 191
193 0
193 2
193 3
193 4
193 6
193 10
193 12
193 16
193 19
193 20
193 22
193 24
193 27
193 29
193 30
193 31
193 32
193 33
193 34
193 36
193 37
193 40
193 41
193 44
193 48
193 49
193 51
193 53
193 55
193 58
193 59
193 62
193 63
193 64
193 67
193 68
193 71
193 73
193 76
193 79
193 82
193 84
193 87
193 88
193 92
193 98
193 99
193 100
193 105
193 106
193 111
193 113
193 115
193 116
193 117
193 119
193 122
193 124
193 126
193 131
193 133
193 134
193 140
193 141
193 142
193 144
193 145
193 147
193 150
193 151
193 153
193 154
193 155
193 159
193 160
193 161
193 163
193 169
193 170
193 172
193 173
193 176
193 180
193 181
193 182
193 183
193 184
193 185
193 188
193 190
194 2
194 8
194 9
194 13
194 15
194 16
194 19
194 21
194 24
194 25
194 27
194 28
194 29
194 30
194 31
194 32
194 33
194 34
194 37
194 40
194 41
194 43
194 44
194 45
194 47
194 48
194 49
194 53
194 54
194 55
194 57
194 58
194 63
194 64
194 65
194 67
194 73
194 74
194 79
194 80
194 81
194 83
194 86
194 88
194 89
194 90
194 92
194 93
194 94
194 97
194 101
194 103
194 108
194 115
194 116
194 117
194 121
194 123
194 124
194 126
194 127
194 129
194 130
194 133
194 134
194 135
194 136
194 139
194 140
194 141
194 148
194 149
194 150
194 151
194 155
194 157
194 159
194 163
194 165
194 166
194 169
194 170
194 172
194 173
194 174
194 175
194 177
194 178
194 180
194 182
194 183
194 184
194 188
194 190
194 191
194 192
194 193
195 0
195 4
195 5
195 6
195 8
195 10
195 13
195 15
195 16
195 18
195 19
195 21
195 24
195 27
195 29
195 31
195 33
195 34
195 37
195 39
195 40
195 42
195 46
195 49
195 54
195 55
195 56
195 58
195 61
195 63
195 71
195 73
195 75
195 76
195 77
195 80
195 81
195 82
195 83
195 84
195 90
195 92
195 93
195 96
195 97
195 100
195 101
195 102
195 104
195 105
195 106
195 110
195 112
195 113
195 116
195 121
195 123
195 124
195 125
195 129
195 130
195 132
195 133
195 136
195 138
195 141
195 143
195 144
195 146
195 149
195 150
195 151
195 153
195 154
195 155
195 156
195 157
195 159
195 161
195 163
195 164
195 167
195 169
195 170
195 171
195 174
195 175
195 177
195 178
195 179
195 180
195 184
195 186
195 188
195 193
196 0
196 1
196 4
196 5
196 8
196 10
196 15
196 17
196 18
196 20
196 22
196 23
196 24
196 25
196 26
196 31
196 33
196 34
196 37
196 43
196 44
196 45
196 47
196 48
196 49
196 51
196 52
196 53
196 54
196 59
196 60
196 61
196 62
196 63
196 65
196 66
196 67
196 68
196 70
196 73
196 74
196 75
196 78
196 79
196 80
196 81
196 82
196 83
196 89
196 90
196 91
196 92
196 94
196 95
196 96
196 98
196 100
196 102
196 103
196 104
196 111
196 112
196 115
196 116
196 117
196 122
196 123
196 124
196 125
196 126
196 127
196 129
196 130
196 131
196 135
196 136
196 147
196 148
196 151
196 153
196 155
196 156
196 159
196 160
196 161
196 162
196 165
196 166
196 170
196 171
196 172
196 174
196 175
196 176
196 178
196 179
196 180
196 181
196 182
196 187
196 188
196 192
196 193
196 194
196 195
197 0
197 2
197 3
197 4
197 5
197 11
197 13
197 14
197 16
197 17
197 18
197 19
197 20
197 21
197 23
197 24
197 26
197 29
197 30
197 31
197 34
197 35
197 36
197 37
197 38
197 39
197 40
197 43
197 44
197 45
197 48
197 52
197 54
197 57
197 59
197 60
197 62
197 65
197 71
197 72
197 73
197 74
197 76
197 77
197 78
197 81
197 82
197 84
197 85
197 89
197 91
197 92
197 93
197 96
197 101
197 102
197 103
197 104
197 105
197 106
197 108
197 109
197 112
197 114
197 117
197 118
197 119
197 121
197 122
197 123
197 127
197 128
197 130
197 131
197 135
197 136
197 138
197 139
197 140
197 146
197 149
197 151
197 152
197 154
197 155
197 158
197 159
197 160
197 162
197 163
197 164
197 167
197 169
197 171
197 173
197 175
197 176
197 177
197 178
197 179
197 180
197 181
197 186
197 187
197 189
197 190
197 191
197 195
198 6
198 8
198 10
198 11
198 14
198 16
198 20
198 21
198 22
198 23
198 24
198 25
198 28
198 30
198 31
198 33
198 35
198 37
198 38
198 40
198 42
198 43
198 44
198 45
198 46
198 47
198 49
198 50
198 51
198 53
198 54
198 56
198 57
198 58
198 59
198 62
198 63
198 71
198 74
198 77
198 80
198 82
198 83
198 84
198 85
198 87
198 89
198 94
198 95
198 97
198 98
198 99
198 100
198 101
198 102
198 103
198 108
198 109
198 114
198 119
198 120
198 121
198 129
198 130
198 131
198 134
198 135
198 138
198 139
198 140
198 142
198 146
198 150
198 152
198 155
198 157
198 158
198 159
198 161
198 162
198 167
198 168
198 169
198 172
198 173
198 175
198 179
198 182
198 184
198 185
198 190
198 193
198 194
198 197
199 2
199 4
199 6
199 7
199 9
199 10
199 12
199 14
199 15
199 17
199 20
199 24
199 27
199 28
199 29
199 31
199 32
199 33
199 37
199 38
199 39
199 40
199 42
199 45
199 46
199 47
199 49
199 51
199 53
199 55
199 56
199 60
199 61
199 62
199 65
199 66
199 68
199 69
199 71
199 72
199 75
199 77
199 79
199 80
199 86
199 87
199 88
199 89
199 91
199 92
199 93
199 95
199 96
199 98
199 100
199 102
199 105
199 108
199 110
199 111
199 114
199 115
199 117
199 119
199 121
199 122
199 123
199 124
199 125
199 135
199 138
199 141
199 143
199 144
199 146
199 148
199 149
199 150
199 151
199 152
199 153
199 154
199 155
199 156
199 158
199 160
199 161
199 165
199 166
199 167
199 168
199 171
199 172
199 175
199 178
199 179
199 184
199 190
199 193
199 195
199 196
199 197
