0 0 -1
0 1 -1
0 2 -1
0 3 -1
0 4 -1
0 5 -1
0 6 -1
0 7 -1
0 8 -1
0 9 -1
0 10 -1
0 11 -1
0 12 -1
0 13 -1
0 14 -1
0 15 -1
0 16 -1
0 17 -1
0 18 -1
0 19 -1
0 20 -1
0 21 -1
0 22 -1
0 23 -1
0 24 -1
0 25 -1
0 26 -1
0 27 -1
0 28 -1
0 29 -1
0 30 -1
0 31 -1
0 32 -1
0 33 -1
0 34 -1
0 35 -1
0 36 -1
0 37 -1
0 38 -1
0 39 -1
0 40 -1
0 41 -1
0 42 -1
0 43 -1
0 44 -1
0 45 -1
0 46 -1
0 47 -1
0 48 -1
0 49 -1
1 0 -1
1 1 -1
1 2 -1
1 3 -1
1 4 -1
1 5 -1
1 6 -1
1 7 -1
1 8 -1
1 9 -1
1 10 -1
1 11 -1
1 12 -1
1 13 -1
1 14 -1
1 15 -1
1 16 -1
1 17 -1
1 18 -1
1 19 -1
1 20 -1
1 21 -1
1 22 -1
1 23 -1
1 24 -1
1 25 -1
1 26 -1
1 27 -1
1 28 -1
1 29 -1
1 30 -1
1 31 -1
1 32 -1
1 33 -1
1 34 -1
1 35 -1
1 36 -1
1 37 -1
1 38 -1
1 39 -1
1 40 -1
1 41 -1
1 42 -1
1 43 -1
1 44 -1
1 45 -1
1 46 -1
1 47 -1
1 48 -1
1 49 -1
2 0 1
2 1 -1
2 2 -1
2 3 -1
2 4 -1
2 5 -1
2 6 -1
2 7 -1
2 8 -1
2 9 -1
2 10 -1
2 11 -1
2 12 -1
2 13 -1
2 14 -1
2 15 -1
2 16 -1
2 17 -1
2 18 -1
2 19 -1
2 20 -1
2 21 -1
2 22 -1
2 23 -1
2 24 -1
2 25 -1
2 26 -1
2 27 -1
2 28 -1
2 29 -1
2 30 -1
2 31 -1
2 32 -1
2 33 -1
2 34 -1
2 35 -1
2 36 -1
2 37 -1
2 38 -1
2 39 -1
2 40 -1
2 41 -1
2 42 -1
2 43 -1
2 44 -1
2 45 -1
2 46 -1
2 47 -1
2 48 -1
2 49 -1
3 0 1
3 1 -1
3 2 -1
3 3 -1
3 4 -1
3 5 -1
3 6 -1
3 7 -1
3 8 -1
3 9 -1
3 10 -1
3 11 -1
3 12 -1
3 13 -1
3 14 -1
3 15 -1
3 16 -1
3 17 -1
3 18 -1
3 19 -1
3 20 -1
3 21 -1
3 22 -1
3 23 -1
3 24 -1
3 25 -1
3 26 -1
3 27 -1
3 28 -1
3 29 -1
3 30 -1
3 31 -1
3 32 -1
3 33 -1
3 34 -1
3 35 -1
3 36 -1
3 37 -1
3 38 -1
3 39 -1
3 40 -1
3 41 -1
3 42 -1
3 43 -1
3 44 -1
3 45 -1
3 46 -1
3 47 -1
3 48 -1
3 49 -1
4 0 -1
4 1 -1
4 2 -1
4 3 -1
4 4 -1
4 5 -1
4 6 -1
4 7 -1
4 8 -1
4 9 -1
4 10 -1
4 11 -1
4 12 -1
4 13 -1
4 14 -1
4 15 -1
4 16 -1
4 17 -1
4 18 -1
4 19 -1
4 20 -1
4 21 -1
4 22 -1
4 23 -1
4 24 -1
4 25 -1
4 26 -1
4 27 -1
4 28 -1
4 29 -1
4 30 -1
4 31 -1
4 32 -1
4 33 -1
4 34 -1
4 35 -1
4 36 -1
4 37 -1
4 38 -1
4 39 -1
4 40 -1
4 41 -1
4 42 -1
4 43 -1
4 44 -1
4 45 -1
4 46 -1
4 47 -1
4 48 -1
4 49 -1
5 0 1
5 1 -1
5 2 -1
5 3 -1
5 4 -1
5 5 -1
5 6 -1
5 7 -1
5 8 -1
5 9 -1
5 10 -1
5 11 -1
5 12 -1
5 13 -1
5 14 -1
5 15 -1
5 16 -1
5 17 -1
5 18 -1
5 19 -1
5 20 -1
5 21 -1
5 22 -1
5 23 -1
5 24 -1
5 25 -1
5 26 -1
5 27 -1
5 28 -1
5 29 -1
5 30 -1
5 31 -1
5 32 -1
5 33 -1
5 34 -1
5 35 -1
5 36 -1
5 37 -1
5 38 -1
5 39 -1
5 40 -1
5 41 -1
5 42 -1
5 43 -1
5 44 -1
5 45 -1
5 46 -1
5 47 -1
5 48 -1
5 49 -1
6 0 1
6 1 -1
6 2 -1
6 3 -1
6 4 -1
6 5 -1
6 6 -1
6 7 -1
6 8 -1
6 9 -1
6 10 -1
6 11 -1
6 12 -1
6 13 -1
6 14 -1
6 15 -1
6 16 -1
6 17 -1
6 18 -1
6 19 -1
6 20 -1
6 21 -1
6 22 -1
6 23 -1
6 24 -1
6 25 -1
6 26 -1
6 27 -1
6 28 -1
6 29 -1
6 30 -1
6 31 -1
6 32 -1
6 33 -1
6 34 -1
6 35 -1
6 36 -1
6 37 -1
6 38 -1
6 39 -1
6 40 -1
6 41 -1
6 42 -1
6 43 -1
6 44 -1
6 45 -1
6 46 -1
6 47 -1
6 48 -1
6 49 -1
7 0 -1
7 1 -1
7 2 -1
7 3 -1
7 4 -1
7 5 -1
7 6 -1
7 7 -1
7 8 -1
7 9 -1
7 10 -1
7 11 -1
7 12 -1
7 13 -1
7 14 -1
7 15 -1
7 16 -1
7 17 -1
7 18 -1
7 19 -1
7 20 -1
7 21 -1
7 22 -1
7 23 -1
7 24 -1
7 25 -1
7 26 -1
7 27 -1
7 28 -1
7 29 -1
7 30 -1
7 31 -1
7 32 -1
7 33 -1
7 34 -1
7 35 -1
7 36 -1
7 37 -1
7 38 -1
7 39 -1
7 40 -1
7 41 -1
7 42 -1
7 43 -1
7 44 -1
7 45 -1
7 46 -1
7 47 -1
7 48 -1
7 49 -1
8 0 1
8 1 -1
8 2 -1
8 3 -1
8 4 -1
8 5 -1
8 6 -1
8 7 -1
8 8 -1
8 9 -1
8 10 -1
8 11 -1
8 12 -1
8 13 -1
8 14 -1
8 15 -1
8 16 -1
8 17 -1
8 18 -1
8 19 -1
8 20 -1
8 21 -1
8 22 -1
8 23 -1
8 24 -1
8 25 -1
8 26 -1
8 27 -1
8 28 -1
8 29 -1
8 30 -1
8 31 -1
8 32 -1
8 33 -1
8 34 -1
8 35 -1
8 36 -1
8 37 -1
8 38 -1
8 39 -1
8 40 -1
8 41 -1
8 42 -1
8 43 -1
8 44 -1
8 45 -1
8 46 -1
8 47 -1
8 48 -1
8 49 -1
9 0 -1
9 1 -1
9 2 -1
9 3 -1
9 4 -1
9 5 -1
9 6 -1
9 7 -1
9 8 -1
9 9 -1
9 10 -1
9 11 -1
9 12 -1
9 13 -1
9 14 -1
9 15 -1
9 16 -1
9 17 -1
9 18 -1
9 19 -1
9 20 -1
9 21 -1
9 22 -1
9 23 -1
9 24 -1
9 25 -1
9 26 -1
9 27 -1
9 28 -1
9 29 -1
9 30 -1
9 31 -1
9 32 -1
9 33 -1
9 34 -1
9 35 -1
9 36 -1
9 37 -1
9 38 -1
9 39 -1
9 40 -1
9 41 -1
9 42 -1
9 43 -1
9 44 -1
9 45 -1
9 46 -1
9 47 -1
9 48 -1
9 49 -1
10 0 -1
10 1 -1
10 2 -1
10 3 -1
10 4 -1
10 5 -1
10 6 -1
10 7 -1
10 8 -1
10 9 -1
10 10 -1
10 11 -1
10 12 -1
10 13 -1
10 14 -1
10 15 -1
10 16 -1
10 17 -1
10 18 -1
10 19 -1
10 20 -1
10 21 -1
10 22 -1
10 23 -1
10 24 -1
10 25 -1
10 26 -1
10 27 -1
10 28 -1
10 29 -1
10 30 -1
10 31 -1
10 32 -1
10 33 -1
10 34 -1
10 35 -1
10 36 -1
10 37 -1
10 38 -1
10 39 -1
10 40 -1
10 41 -1
10 42 -1
10 43 -1
10 44 -1
10 45 -1
10 46 -1
10 47 -1
10 48 -1
10 49 -1
11 0 -1
11 1 -1
11 2 -1
11 3 -1
11 4 -1
11 5 -1
11 6 -1
11 7 -1
11 8 -1
11 9 -1
11 10 -1
11 11 -1
11 12 -1
11 13 -1
11 14 -1
11 15 -1
11 16 -1
11 17 -1
11 18 -1
11 19 -1
11 20 -1
11 21 -1
11 22 -1
11 23 -1
11 24 -1
11 25 -1
11 26 -1
11 27 -1
11 28 -1
11 29 -1
11 30 -1
11 31 -1
11 32 -1
11 33 -1
11 34 -1
11 35 -1
11 36 -1
11 37 -1
11 38 -1
11 39 -1
11 40 -1
11 41 -1
11 42 -1
11 43 -1
11 44 -1
11 45 -1
11 46 -1
11 47 -1
11 48 -1
11 49 -1
12 0 1
12 1 -1
12 2 -1
12 3 -1
12 4 -1
12 5 -1
12 6 -1
12 7 -1
12 8 -1
12 9 -1
12 10 -1
12 11 -1
12 12 -1
12 13 -1
12 14 -1
12 15 -1
12 16 -1
12 17 -1
12 18 -1
12 19 -1
12 20 -1
12 21 -1
12 22 -1
12 23 -1
12 24 -1
12 25 -1
12 26 -1
12 27 -1
12 28 -1
12 29 -1
12 30 -1
12 31 -1
12 32 -1
12 33 -1
12 34 -1
12 35 -1
12 36 -1
12 37 -1
12 38 -1
12 39 -1
12 40 -1
12 41 -1
12 42 -1
12 43 -1
12 44 -1
12 45 -1
12 46 -1
12 47 -1
12 48 -1
12 49 -1
13 0 1
13 1 -1
13 2 -1
13 3 -1
13 4 -1
13 5 -1
13 6 -1
13 7 -1
13 8 -1
13 9 -1
13 10 -1
13 11 -1
13 12 -1
13 13 -1
13 14 -1
13 15 -1
13 16 -1
13 17 -1
13 18 -1
13 19 -1
13 20 -1
13 21 -1
13 22 -1
13 23 -1
13 24 -1
13 25 -1
13 26 -1
13 27 -1
13 28 -1
13 29 -1
13 30 -1
13 31 -1
13 32 -1
13 33 -1
13 34 -1
13 35 -1
13 36 -1
13 37 -1
13 38 -1
13 39 -1
13 40 -1
13 41 -1
13 42 -1
13 43 -1
13 44 -1
13 45 -1
13 46 -1
13 47 -1
13 48 -1
13 49 -1
14 0 1
14 1 -1
14 2 -1
14 3 -1
14 4 -1
14 5 -1
14 6 -1
14 7 -1
14 8 -1
14 9 -1
14 10 -1
14 11 -1
14 12 -1
14 13 -1
14 14 -1
14 15 -1
14 16 -1
14 17 -1
14 18 -1
14 19 -1
14 20 -1
14 21 -1
14 22 -1
14 23 -1
14 24 -1
14 25 -1
14 26 -1
14 27 -1
14 28 -1
14 29 -1
14 30 -1
14 31 -1
14 32 -1
14 33 -1
14 34 -1
14 35 -1
14 36 -1
14 37 -1
14 38 -1
14 39 -1
14 40 -1
14 41 -1
14 42 -1
14 43 -1
14 44 -1
14 45 -1
14 46 -1
14 47 -1
14 48 -1
14 49 -1
15 0 1
15 1 -1
15 2 -1
15 3 -1
15 4 -1
15 5 -1
15 6 -1
15 7 -1
15 8 -1
15 9 -1
15 10 -1
15 11 -1
15 12 -1
15 13 -1
15 14 -1
15 15 -1
15 16 -1
15 17 -1
15 18 -1
15 19 -1
15 20 -1
15 21 -1
15 22 -1
15 23 -1
15 24 -1
15 25 -1
15 26 -1
15 27 -1
15 28 -1
15 29 -1
15 30 -1
15 31 -1
15 32 -1
15 33 -1
15 34 -1
15 35 -1
15 36 -1
15 37 -1
15 38 -1
15 39 -1
15 40 -1
15 41 -1
15 42 -1
15 43 -1
15 44 -1
15 45 -1
15 46 -1
15 47 -1
15 48 -1
15 49 -1
16 0 -1
16 1 -1
16 2 -1
16 3 -1
16 4 -1
16 5 -1
16 6 -1
16 7 -1
16 8 -1
16 9 -1
16 10 -1
16 11 -1
16 12 -1
16 13 -1
16 14 -1
16 15 -1
16 16 -1
16 17 -1
16 18 -1
16 19 -1
16 20 -1
16 21 -1
16 22 -1
16 23 -1
16 24 -1
16 25 -1
16 26 -1
16 27 -1
16 28 -1
16 29 -1
16 30 -1
16 31 -1
16 32 -1
16 33 -1
16 34 -1
16 35 -1
16 36 -1
16 37 -1
16 38 -1
16 39 -1
16 40 -1
16 41 -1
16 42 -1
16 43 -1
16 44 -1
16 45 -1
16 46 -1
16 47 -1
16 48 -1
16 49 -1
17 0 -1
17 1 -1
17 2 -1
17 3 -1
17 4 -1
17 5 -1
17 6 -1
17 7 -1
17 8 -1
17 9 -1
17 10 -1
17 11 -1
17 12 -1
17 13 -1
17 14 -1
17 15 -1
17 16 -1
17 17 -1
17 18 -1
17 19 -1
17 20 -1
17 21 -1
17 22 -1
17 23 -1
17 24 -1
17 25 -1
17 26 -1
17 27 -1
17 28 -1
17 29 -1
17 30 -1
17 31 -1
17 32 -1
17 33 -1
17 34 -1
17 35 -1
17 36 -1
17 37 -1
17 38 -1
17 39 -1
17 40 -1
17 41 -1
17 42 -1
17 43 -1
17 44 -1
17 45 -1
17 46 -1
17 47 -1
17 48 -1
17 49 -1
18 0 -1
18 1 -1
18 2 -1
18 3 -1
18 4 -1
18 5 -1
18 6 -1
18 7 -1
18 8 -1
18 9 -1
18 10 -1
18 11 -1
18 12 -1
18 13 -1
18 14 -1
18 15 -1
18 16 -1
18 17 -1
18 18 -1
18 19 -1
18 20 -1
18 21 -1
18 22 -1
18 23 -1
18 24 -1
18 25 -1
18 26 -1
18 27 -1
18 28 -1
18 29 -1
18 30 -1
18 31 -1
18 32 -1
18 33 -1
18 34 -1
18 35 -1
18 36 -1
18 37 -1
18 38 -1
18 39 -1
18 40 -1
18 41 -1
18 42 -1
18 43 -1
18 44 -1
18 45 -1
18 46 -1
18 47 -1
18 48 -1
18 49 -1
19 0 -1
19 1 -1
19 2 -1
19 3 -1
19 4 -1
19 5 -1
19 6 -1
19 7 -1
19 8 -1
19 9 -1
19 10 -1
19 11 -1
19 12 -1
19 13 -1
19 14 -1
19 15 -1
19 16 -1
19 17 -1
19 18 -1
19 19 -1
19 20 -1
19 21 -1
19 22 -1
19 23 -1
19 24 -1
19 25 -1
19 26 -1
19 27 -1
19 28 -1
19 29 -1
19 30 -1
19 31 -1
19 32 -1
19 33 -1
19 34 -1
19 35 -1
19 36 -1
19 37 -1
19 38 -1
19 39 -1
19 40 -1
19 41 -1
19 42 -1
19 43 -1
19 44 -1
19 45 -1
19 46 -1
19 47 -1
19 48 -1
19 49 -1
20 0 -1
20 1 -1
20 2 -1
20 3 -1
20 4 -1
20 5 -1
20 6 -1
20 7 -1
20 8 -1
20 9 -1
20 10 -1
20 11 -1
20 12 -1
20 13 -1
20 14 -1
20 15 -1
20 16 -1
20 17 -1
20 18 -1
20 19 -1
20 20 -1
20 21 -1
20 22 -1
20 23 -1
20 24 -1
20 25 -1
20 26 -1
20 27 -1
20 28 -1
20 29 -1
20 30 -1
20 31 -1
20 32 -1
20 33 -1
20 34 -1
20 35 -1
20 36 -1
20 37 -1
20 38 -1
20 39 -1
20 40 -1
20 41 -1
20 42 -1
20 43 -1
20 44 -1
20 45 -1
20 46 -1
20 47 -1
20 48 -1
20 49 -1
21 0 1
21 1 -1
21 2 -1
21 3 -1
21 4 -1
21 5 -1
21 6 -1
21 7 -1
21 8 -1
21 9 -1
21 10 -1
21 11 -1
21 12 -1
21 13 -1
21 14 -1
21 15 -1
21 16 -1
21 17 -1
21 18 -1
21 19 -1
21 20 -1
21 21 -1
21 22 -1
21 23 -1
21 24 -1
21 25 -1
21 26 -1
21 27 -1
21 28 -1
21 29 -1
21 30 -1
21 31 -1
21 32 -1
21 33 -1
21 34 -1
21 35 -1
21 36 -1
21 37 -1
21 38 -1
21 39 -1
21 40 -1
21 41 -1
21 42 -1
21 43 -1
21 44 -1
21 45 -1
21 46 -1
21 47 -1
21 48 -1
21 49 -1
22 0 1
22 1 -1
22 2 -1
22 3 -1
22 4 -1
22 5 -1
22 6 -1
22 7 -1
22 8 -1
22 9 -1
22 10 -1
22 11 -1
22 12 -1
22 13 -1
22 14 -1
22 15 -1
22 16 -1
22 17 -1
22 18 -1
22 19 -1
22 20 -1
22 21 -1
22 22 -1
22 23 -1
22 24 -1
22 25 -1
22 26 -1
22 27 -1
22 28 -1
22 29 -1
22 30 -1
22 31 -1
22 32 -1
22 33 -1
22 34 -1
22 35 -1
22 36 -1
22 37 -1
22 38 -1
22 39 -1
22 40 -1
22 41 -1
22 42 -1
22 43 -1
22 44 -1
22 45 -1
22 46 -1
22 47 -1
22 48 -1
22 49 -1
23 0 1
23 1 -1
23 2 -1
23 3 -1
23 4 -1
23 5 -1
23 6 -1
23 7 -1
23 8 -1
23 9 -1
23 10 -1
23 11 -1
23 12 -1
23 13 -1
23 14 -1
23 15 -1
23 16 -1
23 17 -1
23 18 -1
23 19 -1
23 20 -1
23 21 -1
23 22 -1
23 23 -1
23 24 -1
23 25 -1
23 26 -1
23 27 -1
23 28 -1
23 29 -1
23 30 -1
23 31 -1
23 32 -1
23 33 -1
23 34 -1
23 35 -1
23 36 -1
23 37 -1
23 38 -1
23 39 -1
23 40 -1
23 41 -1
23 42 -1
23 43 -1
23 44 -1
23 45 -1
23 46 -1
23 47 -1
23 48 -1
23 49 -1
24 0 -1
24 1 -1
24 2 -1
24 3 -1
24 4 -1
24 5 -1
24 6 -1
24 7 -1
24 8 -1
24 9 -1
24 10 -1
24 11 -1
24 12 -1
24 13 -1
24 14 -1
24 15 -1
24 16 -1
24 17 -1
24 18 -1
24 19 -1
24 20 -1
24 21 -1
24 22 -1
24 23 -1
24 24 -1
24 25 -1
24 26 -1
24 27 -1
24 28 -1
24 29 -1
24 30 -1
24 31 -1
24 32 -1
24 33 -1
24 34 -1
24 35 -1
24 36 -1
24 37 -1
24 38 -1
24 39 -1
24 40 -1
24 41 -1
24 42 -1
24 43 -1
24 44 -1
24 45 -1
24 46 -1
24 47 -1
24 48 -1
24 49 -1
25 0 1
25 1 -1
25 2 -1
25 3 -1
25 4 -1
25 5 -1
25 6 -1
25 7 -1
25 8 -1
25 9 -1
25 10 -1
25 11 -1
25 12 -1
25 13 -1
25 14 -1
25 15 -1
25 16 -1
25 17 -1
25 18 -1
25 19 -1
25 20 -1
25 21 -1
25 22 -1
25 23 -1
25 24 -1
25 25 -1
25 26 -1
25 27 -1
25 28 -1
25 29 -1
25 30 -1
25 31 -1
25 32 -1
25 33 -1
25 34 -1
25 35 -1
25 36 -1
25 37 -1
25 38 -1
25 39 -1
25 40 -1
25 41 -1
25 42 -1
25 43 -1
25 44 -1
25 45 -1
25 46 -1
25 47 -1
25 48 -1
25 49 -1
26 0 1
26 1 -1
26 2 -1
26 3 -1
26 4 -1
26 5 -1
26 6 -1
26 7 -1
26 8 -1
26 9 -1
26 10 -1
26 11 -1
26 12 -1
26 13 -1
26 14 -1
26 15 -1
26 16 -1
26 17 -1
26 18 -1
26 19 -1
26 20 -1
26 21 -1
26 22 -1
26 23 -1
26 24 -1
26 25 -1
26 26 -1
26 27 -1
26 28 -1
26 29 -1
26 30 -1
26 31 -1
26 32 -1
26 33 -1
26 34 -1
26 35 -1
26 36 -1
26 37 -1
26 38 -1
26 39 -1
26 40 -1
26 41 -1
26 42 -1
26 43 -1
26 44 -1
26 45 -1
26 46 -1
26 47 -1
26 48 -1
26 49 -1
27 0 -1
27 1 -1
27 2 -1
27 3 -1
27 4 -1
27 5 -1
27 6 -1
27 7 -1
27 8 -1
27 9 -1
27 10 -1
27 11 -1
27 12 -1
27 13 -1
27 14 -1
27 15 -1
27 16 -1
27 17 -1
27 18 -1
27 19 -1
27 20 -1
27 21 -1
27 22 -1
27 23 -1
27 24 -1
27 25 -1
27 26 -1
27 27 -1
27 28 -1
27 29 -1
27 30 -1
27 31 -1
27 32 -1
27 33 -1
27 34 -1
27 35 -1
27 36 -1
27 37 -1
27 38 -1
27 39 -1
27 40 -1
27 41 -1
27 42 -1
27 43 -1
27 44 -1
27 45 -1
27 46 -1
27 47 -1
27 48 -1
27 49 -1
28 0 -1
28 1 -1
28 2 -1
28 3 -1
28 4 -1
28 5 -1
28 6 -1
28 7 -1
28 8 -1
28 9 -1
28 10 -1
28 11 -1
28 12 -1
28 13 -1
28 14 -1
28 15 -1
28 16 -1
28 17 -1
28 18 -1
28 19 -1
28 20 -1
28 21 -1
28 22 -1
28 23 -1
28 24 -1
28 25 -1
28 26 -1
28 27 -1
28 28 -1
28 29 -1
28 30 -1
28 31 -1
28 32 -1
28 33 -1
28 34 -1
28 35 -1
28 36 -1
28 37 -1
28 38 -1
28 39 -1
28 40 -1
28 41 -1
28 42 -1
28 43 -1
28 44 -1
28 45 -1
28 46 -1
28 47 -1
28 48 -1
28 49 -1
29 0 -1
29 1 -1
29 2 -1
29 3 -1
29 4 -1
29 5 -1
29 6 -1
29 7 -1
29 8 -1
29 9 -1
29 10 -1
29 11 -1
29 12 -1
29 13 -1
29 14 -1
29 15 -1
29 16 -1
29 17 -1
29 18 -1
29 19 -1
29 20 -1
29 21 -1
29 22 -1
29 23 -1
29 24 -1
29 25 -1
29 26 -1
29 27 -1
29 28 -1
29 29 -1
29 30 -1
29 31 -1
29 32 -1
29 33 -1
29 34 -1
29 35 -1
29 36 -1
29 37 -1
29 38 -1
29 39 -1
29 40 -1
29 41 -1
29 42 -1
29 43 -1
29 44 -1
29 45 -1
29 46 -1
29 47 -1
29 48 -1
29 49 -1
30 0 -1
30 1 -1
30 2 -1
30 3 -1
30 4 -1
30 5 -1
30 6 -1
30 7 -1
30 8 -1
30 9 -1
30 10 -1
30 11 -1
30 12 -1
30 13 -1
30 14 -1
30 15 -1
30 16 -1
30 17 -1
30 18 -1
30 19 -1
30 20 -1
30 21 -1
30 22 -1
30 23 -1
30 24 -1
30 25 -1
30 26 -1
30 27 -1
30 28 -1
30 29 -1
30 30 -1
30 31 -1
30 32 -1
30 33 -1
30 34 -1
30 35 -1
30 36 -1
30 37 -1
30 38 -1
30 39 -1
30 40 -1
30 41 -1
30 42 -1
30 43 -1
30 44 -1
30 45 -1
30 46 -1
30 47 -1
30 48 -1
30 49 -1
31 0 1
31 1 -1
31 2 -1
31 3 -1
31 4 -1
31 5 -1
31 6 -1
31 7 -1
31 8 -1
31 9 -1
31 10 -1
31 11 -1
31 12 -1
31 13 -1
31 14 -1
31 15 -1
31 16 -1
31 17 -1
31 18 -1
31 19 -1
31 20 -1
31 21 -1
31 22 -1
31 23 -1
31 24 -1
31 25 -1
31 26 -1
31 27 -1
31 28 -1
31 29 -1
31 30 -1
31 31 -1
31 32 -1
31 33 -1
31 34 -1
31 35 -1
31 36 -1
31 37 -1
31 38 -1
31 39 -1
31 40 -1
31 41 -1
31 42 -1
31 43 -1
31 44 -1
31 45 -1
31 46 -1
31 47 -1
31 48 -1
31 49 -1
32 0 1
32 1 -1
32 2 -1
32 3 -1
32 4 -1
32 5 -1
32 6 -1
32 7 -1
32 8 -1
32 9 -1
32 10 -1
32 11 -1
32 12 -1
32 13 -1
32 14 -1
32 15 -1
32 16 -1
32 17 -1
32 18 -1
32 19 -1
32 20 -1
32 21 -1
32 22 -1
32 23 -1
32 24 -1
32 25 -1
32 26 -1
32 27 -1
32 28 -1
32 29 -1
32 30 -1
32 31 -1
32 32 -1
32 33 -1
32 34 -1
32 35 -1
32 36 -1
32 37 -1
32 38 -1
32 39 -1
32 40 -1
32 41 -1
32 42 -1
32 43 -1
32 44 -1
32 45 -1
32 46 -1
32 47 -1
32 48 -1
32 49 -1
33 0 -1
33 1 -1
33 2 -1
33 3 -1
33 4 -1
33 5 -1
33 6 -1
33 7 -1
33 8 -1
33 9 -1
33 10 -1
33 11 -1
33 12 -1
33 13 -1
33 14 -1
33 15 -1
33 16 -1
33 17 -1
33 18 -1
33 19 -1
33 20 -1
33 21 -1
33 22 -1
33 23 -1
33 24 -1
33 25 -1
33 26 -1
33 27 -1
33 28 -1
33 29 -1
33 30 -1
33 31 -1
33 32 -1
33 33 -1
33 34 -1
33 35 -1
33 36 -1
33 37 -1
33 38 -1
33 39 -1
33 40 -1
33 41 -1
33 42 -1
33 43 -1
33 44 -1
33 45 -1
33 46 -1
33 47 -1
33 48 -1
33 49 -1
34 0 -1
34 1 -1
34 2 -1
34 3 -1
34 4 -1
34 5 -1
34 6 -1
34 7 -1
34 8 -1
34 9 -1
34 10 -1
34 11 -1
34 12 -1
34 13 -1
34 14 -1
34 15 -1
34 16 -1
34 17 -1
34 18 -1
34 19 -1
34 20 -1
34 21 -1
34 22 -1
34 23 -1
34 24 -1
34 25 -1
34 26 -1
34 27 -1
34 28 -1
34 29 -1
34 30 -1
34 31 -1
34 32 -1
34 33 -1
34 34 -1
34 35 -1
34 36 -1
34 37 -1
34 38 -1
34 39 -1
34 40 -1
34 41 -1
34 42 -1
34 43 -1
34 44 -1
34 45 -1
34 46 -1
34 47 -1
34 48 -1
34 49 -1
35 0 -1
35 1 -1
35 2 -1
35 3 -1
35 4 -1
35 5 -1
35 6 -1
35 7 -1
35 8 -1
35 9 -1
35 10 -1
35 11 -1
35 12 -1
35 13 -1
35 14 -1
35 15 -1
35 16 -1
35 17 -1
35 18 -1
35 19 -1
35 20 -1
35 21 -1
35 22 -1
35 23 -1
35 24 -1
35 25 -1
35 26 -1
35 27 -1
35 28 -1
35 29 -1
35 30 -1
35 31 -1
35 32 -1
35 33 -1
35 34 -1
35 35 -1
35 36 -1
35 37 -1
35 38 -1
35 39 -1
35 40 -1
35 41 -1
35 42 -1
35 43 -1
35 44 -1
35 45 -1
35 46 -1
35 47 -1
35 48 -1
35 49 -1
36 0 1
36 1 -1
36 2 -1
36 3 -1
36 4 -1
36 5 -1
36 6 -1
36 7 -1
36 8 -1
36 9 -1
36 10 -1
36 11 -1
36 12 -1
36 13 -1
36 14 -1
36 15 -1
36 16 -1
36 17 -1
36 18 -1
36 19 -1
36 20 -1
36 21 -1
36 22 -1
36 23 -1
36 24 -1
36 25 -1
36 26 -1
36 27 -1
36 28 -1
36 29 -1
36 30 -1
36 31 -1
36 32 -1
36 33 -1
36 34 -1
36 35 -1
36 36 -1
36 37 -1
36 38 -1
36 39 -1
36 40 -1
36 41 -1
36 42 -1
36 43 -1
36 44 -1
36 45 -1
36 46 -1
36 47 -1
36 48 -1
36 49 -1
37 0 -1
37 1 -1
37 2 -1
37 3 -1
37 4 -1
37 5 -1
37 6 -1
37 7 -1
37 8 -1
37 9 -1
37 10 -1
37 11 -1
37 12 -1
37 13 -1
37 14 -1
37 15 -1
37 16 -1
37 17 -1
37 18 -1
37 19 -1
37 20 -1
37 21 -1
37 22 -1
37 23 -1
37 24 -1
37 25 -1
37 26 -1
37 27 -1
37 28 -1
37 29 -1
37 30 -1
37 31 -1
37 32 -1
37 33 -1
37 34 -1
37 35 -1
37 36 -1
37 37 -1
37 38 -1
37 39 -1
37 40 -1
37 41 -1
37 42 -1
37 43 -1
37 44 -1
37 45 -1
37 46 -1
37 47 -1
37 48 -1
37 49 -1
38 0 -1
38 1 -1
38 2 -1
38 3 -1
38 4 -1
38 5 -1
38 6 -1
38 7 -1
38 8 -1
38 9 -1
38 10 -1
38 11 -1
38 12 -1
38 13 -1
38 14 -1
38 15 -1
38 16 -1
38 17 -1
38 18 -1
38 19 -1
38 20 -1
38 21 -1
38 22 -1
38 23 -1
38 24 -1
38 25 -1
38 26 -1
38 27 -1
38 28 -1
38 29 -1
38 30 -1
38 31 -1
38 32 -1
38 33 -1
38 34 -1
38 35 -1
38 36 -1
38 37 -1
38 38 -1
38 39 -1
38 40 -1
38 41 -1
38 42 -1
38 43 -1
38 44 -1
38 45 -1
38 46 -1
38 47 -1
38 48 -1
38 49 -1
39 0 1
39 1 -1
39 2 -1
39 3 -1
39 4 -1
39 5 -1
39 6 -1
39 7 -1
39 8 -1
39 9 -1
39 10 -1
39 11 -1
39 12 -1
39 13 -1
39 14 -1
39 15 -1
39 16 -1
39 17 -1
39 18 -1
39 19 -1
39 20 -1
39 21 -1
39 22 -1
39 23 -1
39 24 -1
39 25 -1
39 26 -1
39 27 -1
39 28 -1
39 29 -1
39 30 -1
39 31 -1
39 32 -1
39 33 -1
39 34 -1
39 35 -1
39 36 -1
39 37 -1
39 38 -1
39 39 -1
39 40 -1
39 41 -1
39 42 -1
39 43 -1
39 44 -1
39 45 -1
39 46 -1
39 47 -1
39 48 -1
39 49 -1
40 0 1
40 1 -1
40 2 -1
40 3 -1
40 4 -1
40 5 -1
40 6 -1
40 7 -1
40 8 -1
40 9 -1
40 10 -1
40 11 -1
40 12 -1
40 13 -1
40 14 -1
40 15 -1
40 16 -1
40 17 -1
40 18 -1
40 19 -1
40 20 -1
40 21 -1
40 22 -1
40 23 -1
40 24 -1
40 25 -1
40 26 -1
40 27 -1
40 28 -1
40 29 -1
40 30 -1
40 31 -1
40 32 -1
40 33 -1
40 34 -1
40 35 -1
40 36 -1
40 37 -1
40 38 -1
40 39 -1
40 40 -1
40 41 -1
40 42 -1
40 43 -1
40 44 -1
40 45 -1
40 46 -1
40 47 -1
40 48 -1
40 49 -1
41 0 1
41 1 -1
41 2 -1
41 3 -1
41 4 -1
41 5 -1
41 6 -1
41 7 -1
41 8 -1
41 9 -1
41 10 -1
41 11 -1
41 12 -1
41 13 -1
41 14 -1
41 15 -1
41 16 -1
41 17 -1
41 18 -1
41 19 -1
41 20 -1
41 21 -1
41 22 -1
41 23 -1
41 24 -1
41 25 -1
41 26 -1
41 27 -1
41 28 -1
41 29 -1
41 30 -1
41 31 -1
41 32 -1
41 33 -1
41 34 -1
41 35 -1
41 36 -1
41 37 -1
41 38 -1
41 39 -1
41 40 -1
41 41 -1
41 42 -1
41 43 -1
41 44 -1
41 45 -1
41 46 -1
41 47 -1
41 48 -1
41 49 -1
42 0 1
42 1 -1
42 2 -1
42 3 -1
42 4 -1
42 5 -1
42 6 -1
42 7 -1
42 8 -1
42 9 -1
42 10 -1
42 11 -1
42 12 -1
42 13 -1
42 14 -1
42 15 -1
42 16 -1
42 17 -1
42 18 -1
42 19 -1
42 20 -1
42 21 -1
42 22 -1
42 23 -1
42 24 -1
42 25 -1
42 26 -1
42 27 -1
42 28 -1
42 29 -1
42 30 -1
42 31 -1
42 32 -1
42 33 -1
42 34 -1
42 35 -1
42 36 -1
42 37 -1
42 38 -1
42 39 -1
42 40 -1
42 41 -1
42 42 -1
42 43 -1
42 44 -1
42 45 -1
42 46 -1
42 47 -1
42 48 -1
42 49 -1
43 0 1
43 1 -1
43 2 -1
43 3 -1
43 4 -1
43 5 -1
43 6 -1
43 7 -1
43 8 -1
43 9 -1
43 10 -1
43 11 -1
43 12 -1
43 13 -1
43 14 -1
43 15 -1
43 16 -1
43 17 -1
43 18 -1
43 19 -1
43 20 -1
43 21 -1
43 22 -1
43 23 -1
43 24 -1
43 25 -1
43 26 -1
43 27 -1
43 28 -1
43 29 -1
43 30 -1
43 31 -1
43 32 -1
43 33 -1
43 34 -1
43 35 -1
43 36 -1
43 37 -1
43 38 -1
43 39 -1
43 40 -1
43 41 -1
43 42 -1
43 43 -1
43 44 -1
43 45 -1
43 46 -1
43 47 -1
43 48 -1
43 49 -1
44 0 -1
44 1 -1
44 2 -1
44 3 -1
44 4 -1
44 5 -1
44 6 -1
44 7 -1
44 8 -1
44 9 -1
44 10 -1
44 11 -1
44 12 -1
44 13 -1
44 14 -1
44 15 -1
44 16 -1
44 17 -1
44 18 -1
44 19 -1
44 20 -1
44 21 -1
44 22 -1
44 23 -1
44 24 -1
44 25 -1
44 26 -1
44 27 -1
44 28 -1
44 29 -1
44 30 -1
44 31 -1
44 32 -1
44 33 -1
44 34 -1
44 35 -1
44 36 -1
44 37 -1
44 38 -1
44 39 -1
44 40 -1
44 41 -1
44 42 -1
44 43 -1
44 44 -1
44 45 -1
44 46 -1
44 47 -1
44 48 -1
44 49 -1
45 0 -1
45 1 -1
45 2 -1
45 3 -1
45 4 -1
45 5 -1
45 6 -1
45 7 -1
45 8 -1
45 9 -1
45 10 -1
45 11 -1
45 12 -1
45 13 -1
45 14 -1
45 15 -1
45 16 -1
45 17 -1
45 18 -1
45 19 -1
45 20 -1
45 21 -1
45 22 -1
45 23 -1
45 24 -1
45 25 -1
45 26 -1
45 27 -1
45 28 -1
45 29 -1
45 30 -1
45 31 -1
45 32 -1
45 33 -1
45 34 -1
45 35 -1
45 36 -1
45 37 -1
45 38 -1
45 39 -1
45 40 -1
45 41 -1
45 42 -1
45 43 -1
45 44 -1
45 45 -1
45 46 -1
45 47 -1
45 48 -1
45 49 -1
46 0 1
46 1 -1
46 2 -1
46 3 -1
46 4 -1
46 5 -1
46 6 -1
46 7 -1
46 8 -1
46 9 -1
46 10 -1
46 11 -1
46 12 -1
46 13 -1
46 14 -1
46 15 -1
46 16 -1
46 17 -1
46 18 -1
46 19 -1
46 20 -1
46 21 -1
46 22 -1
46 23 -1
46 24 -1
46 25 -1
46 26 -1
46 27 -1
46 28 -1
46 29 -1
46 30 -1
46 31 -1
46 32 -1
46 33 -1
46 34 -1
46 35 -1
46 36 -1
46 37 -1
46 38 -1
46 39 -1
46 40 -1
46 41 -1
46 42 -1
46 43 -1
46 44 -1
46 45 -1
46 46 -1
46 47 -1
46 48 -1
46 49 -1
47 0 1
47 1 -1
47 2 -1
47 3 -1
47 4 -1
47 5 -1
47 6 -1
47 7 -1
47 8 -1
47 9 -1
47 10 -1
47 11 -1
47 12 -1
47 13 -1
47 14 -1
47 15 -1
47 16 -1
47 17 -1
47 18 -1
47 19 -1
47 20 -1
47 21 -1
47 22 -1
47 23 -1
47 24 -1
47 25 -1
47 26 -1
47 27 -1
47 28 -1
47 29 -1
47 30 -1
47 31 -1
47 32 -1
47 33 -1
47 34 -1
47 35 -1
47 36 -1
47 37 -1
47 38 -1
47 39 -1
47 40 -1
47 41 -1
47 42 -1
47 43 -1
47 44 -1
47 45 -1
47 46 -1
47 47 -1
47 48 -1
47 49 -1
48 0 -1
48 1 -1
48 2 -1
48 3 -1
48 4 -1
48 5 -1
48 6 -1
48 7 -1
48 8 -1
48 9 -1
48 10 -1
48 11 -1
48 12 -1
48 13 -1
48 14 -1
48 15 -1
48 16 -1
48 17 -1
48 18 -1
48 19 -1
48 20 -1
48 21 -1
48 22 -1
48 23 -1
48 24 -1
48 25 -1
48 26 -1
48 27 -1
48 28 -1
48 29 -1
48 30 -1
48 31 -1
48 32 -1
48 33 -1
48 34 -1
48 35 -1
48 36 -1
48 37 -1
48 38 -1
48 39 -1
48 40 -1
48 41 -1
48 42 -1
48 43 -1
48 44 -1
48 45 -1
48 46 -1
48 47 -1
48 48 -1
48 49 -1
49 0 1
49 1 -1
49 2 -1
49 3 -1
49 4 -1
49 5 -1
49 6 -1
49 7 -1
49 8 -1
49 9 -1
49 10 -1
49 11 -1
49 12 -1
49 13 -1
49 14 -1
49 15 -1
49 16 -1
49 17 -1
49 18 -1
49 19 -1
49 20 -1
49 21 -1
49 22 -1
49 23 -1
49 24 -1
49 25 -1
49 26 -1
49 27 -1
49 28 -1
49 29 -1
49 30 -1
49 31 -1
49 32 -1
49 33 -1
49 34 -1
49 35 -1
49 36 -1
49 37 -1
49 38 -1
49 39 -1
49 40 -1
49 41 -1
49 42 -1
49 43 -1
49 44 -1
49 45 -1
49 46 -1
49 47 -1
49 48 -1
49 49 -1
50 0 1
50 1 -1
50 2 -1
50 3 -1
50 4 -1
50 5 -1
50 6 -1
50 7 -1
50 8 -1
50 9 -1
50 10 -1
50 11 -1
50 12 -1
50 13 -1
50 14 -1
50 15 -1
50 16 -1
50 17 -1
50 18 -1
50 19 -1
50 20 -1
50 21 -1
50 22 -1
50 23 -1
50 24 -1
50 25 -1
50 26 -1
50 27 -1
50 28 -1
50 29 -1
50 30 -1
50 31 -1
50 32 -1
50 33 -1
50 34 -1
50 35 -1
50 36 -1
50 37 -1
50 38 -1
50 39 -1
50 40 -1
50 41 -1
50 42 -1
50 43 -1
50 44 -1
50 45 -1
50 46 -1
50 47 -1
50 48 -1
50 49 -1
51 0 -1
51 1 -1
51 2 -1
51 3 -1
51 4 -1
51 5 -1
51 6 -1
51 7 -1
51 8 -1
51 9 -1
51 10 -1
51 11 -1
51 12 -1
51 13 -1
51 14 -1
51 15 -1
51 16 -1
51 17 -1
51 18 -1
51 19 -1
51 20 -1
51 21 -1
51 22 -1
51 23 -1
51 24 -1
51 25 -1
51 26 -1
51 27 -1
51 28 -1
51 29 -1
51 30 -1
51 31 -1
51 32 -1
51 33 -1
51 34 -1
51 35 -1
51 36 -1
51 37 -1
51 38 -1
51 39 -1
51 40 -1
51 41 -1
51 42 -1
51 43 -1
51 44 -1
51 45 -1
51 46 -1
51 47 -1
51 48 -1
51 49 -1
52 0 1
52 1 -1
52 2 -1
52 3 -1
52 4 -1
52 5 -1
52 6 -1
52 7 -1
52 8 -1
52 9 -1
52 10 -1
52 11 -1
52 12 -1
52 13 -1
52 14 -1
52 15 -1
52 16 -1
52 17 -1
52 18 -1
52 19 -1
52 20 -1
52 21 -1
52 22 -1
52 23 -1
52 24 -1
52 25 -1
52 26 -1
52 27 -1
52 28 -1
52 29 -1
52 30 -1
52 31 -1
52 32 -1
52 33 -1
52 34 -1
52 35 -1
52 36 -1
52 37 -1
52 38 -1
52 39 -1
52 40 -1
52 41 -1
52 42 -1
52 43 -1
52 44 -1
52 45 -1
52 46 -1
52 47 -1
52 48 -1
52 49 -1
53 0 1
53 1 -1
53 2 -1
53 3 -1
53 4 -1
53 5 -1
53 6 -1
53 7 -1
53 8 -1
53 9 -1
53 10 -1
53 11 -1
53 12 -1
53 13 -1
53 14 -1
53 15 -1
53 16 -1
53 17 -1
53 18 -1
53 19 -1
53 20 -1
53 21 -1
53 22 -1
53 23 -1
53 24 -1
53 25 -1
53 26 -1
53 27 -1
53 28 -1
53 29 -1
53 30 -1
53 31 -1
53 32 -1
53 33 -1
53 34 -1
53 35 -1
53 36 -1
53 37 -1
53 38 -1
53 39 -1
53 40 -1
53 41 -1
53 42 -1
53 43 -1
53 44 -1
53 45 -1
53 46 -1
53 47 -1
53 48 -1
53 49 -1
54 0 -1
54 1 -1
54 2 -1
54 3 -1
54 4 -1
54 5 -1
54 6 -1
54 7 -1
54 8 -1
54 9 -1
54 10 -1
54 11 -1
54 12 -1
54 13 -1
54 14 -1
54 15 -1
54 16 -1
54 17 -1
54 18 -1
54 19 -1
54 20 -1
54 21 -1
54 22 -1
54 23 -1
54 24 -1
54 25 -1
54 26 -1
54 27 -1
54 28 -1
54 29 -1
54 30 -1
54 31 -1
54 32 -1
54 33 -1
54 34 -1
54 35 -1
54 36 -1
54 37 -1
54 38 -1
54 39 -1
54 40 -1
54 41 -1
54 42 -1
54 43 -1
54 44 -1
54 45 -1
54 46 -1
54 47 -1
54 48 -1
54 49 -1
55 0 1
55 1 -1
55 2 -1
55 3 -1
55 4 -1
55 5 -1
55 6 -1
55 7 -1
55 8 -1
55 9 -1
55 10 -1
55 11 -1
55 12 -1
55 13 -1
55 14 -1
55 15 -1
55 16 -1
55 17 -1
55 18 -1
55 19 -1
55 20 -1
55 21 -1
55 22 -1
55 23 -1
55 24 -1
55 25 -1
55 26 -1
55 27 -1
55 28 -1
55 29 -1
55 30 -1
55 31 -1
55 32 -1
55 33 -1
55 34 -1
55 35 -1
55 36 -1
55 37 -1
55 38 -1
55 39 -1
55 40 -1
55 41 -1
55 42 -1
55 43 -1
55 44 -1
55 45 -1
55 46 -1
55 47 -1
55 48 -1
55 49 -1
56 0 1
56 1 -1
56 2 -1
56 3 -1
56 4 -1
56 5 -1
56 6 -1
56 7 -1
56 8 -1
56 9 -1
56 10 -1
56 11 -1
56 12 -1
56 13 -1
56 14 -1
56 15 -1
56 16 -1
56 17 -1
56 18 -1
56 19 -1
56 20 -1
56 21 -1
56 22 -1
56 23 -1
56 24 -1
56 25 -1
56 26 -1
56 27 -1
56 28 -1
56 29 -1
56 30 -1
56 31 -1
56 32 -1
56 33 -1
56 34 -1
56 35 -1
56 36 -1
56 37 -1
56 38 -1
56 39 -1
56 40 -1
56 41 -1
56 42 -1
56 43 -1
56 44 -1
56 45 -1
56 46 -1
56 47 -1
56 48 -1
56 49 -1
57 0 -1
57 1 -1
57 2 -1
57 3 -1
57 4 -1
57 5 -1
57 6 -1
57 7 -1
57 8 -1
57 9 -1
57 10 -1
57 11 -1
57 12 -1
57 13 -1
57 14 -1
57 15 -1
57 16 -1
57 17 -1
57 18 -1
57 19 -1
57 20 -1
57 21 -1
57 22 -1
57 23 -1
57 24 -1
57 25 -1
57 26 -1
57 27 -1
57 28 -1
57 29 -1
57 30 -1
57 31 -1
57 32 -1
57 33 -1
57 34 -1
57 35 -1
57 36 -1
57 37 -1
57 38 -1
57 39 -1
57 40 -1
57 41 -1
57 42 -1
57 43 -1
57 44 -1
57 45 -1
57 46 -1
57 47 -1
57 48 -1
57 49 -1
58 0 -1
58 1 -1
58 2 -1
58 3 -1
58 4 -1
58 5 -1
58 6 -1
58 7 -1
58 8 -1
58 9 -1
58 10 -1
58 11 -1
58 12 -1
58 13 -1
58 14 -1
58 15 -1
58 16 -1
58 17 -1
58 18 -1
58 19 -1
58 20 -1
58 21 -1
58 22 -1
58 23 -1
58 24 -1
58 25 -1
58 26 -1
58 27 -1
58 28 -1
58 29 -1
58 30 -1
58 31 -1
58 32 -1
58 33 -1
58 34 -1
58 35 -1
58 36 -1
58 37 -1
58 38 -1
58 39 -1
58 40 -1
58 41 -1
58 42 -1
58 43 -1
58 44 -1
58 45 -1
58 46 -1
58 47 -1
58 48 -1
58 49 -1
59 0 -1
59 1 -1
59 2 -1
59 3 -1
59 4 -1
59 5 -1
59 6 -1
59 7 -1
59 8 -1
59 9 -1
59 10 -1
59 11 -1
59 12 -1
59 13 -1
59 14 -1
59 15 -1
59 16 -1
59 17 -1
59 18 -1
59 19 -1
59 20 -1
59 21 -1
59 22 -1
59 23 -1
59 24 -1
59 25 -1
59 26 -1
59 27 -1
59 28 -1
59 29 -1
59 30 -1
59 31 -1
59 32 -1
59 33 -1
59 34 -1
59 35 -1
59 36 -1
59 37 -1
59 38 -1
59 39 -1
59 40 -1
59 41 -1
59 42 -1
59 43 -1
59 44 -1
59 45 -1
59 46 -1
59 47 -1
59 48 -1
59 49 -1
60 0 -1
60 1 -1
60 2 -1
60 3 -1
60 4 -1
60 5 -1
60 6 -1
60 7 -1
60 8 -1
60 9 -1
60 10 -1
60 11 -1
60 12 -1
60 13 -1
60 14 -1
60 15 -1
60 16 -1
60 17 -1
60 18 -1
60 19 -1
60 20 -1
60 21 -1
60 22 -1
60 23 -1
60 24 -1
60 25 -1
60 26 -1
60 27 -1
60 28 -1
60 29 -1
60 30 -1
60 31 -1
60 32 -1
60 33 -1
60 34 -1
60 35 -1
60 36 -1
60 37 -1
60 38 -1
60 39 -1
60 40 -1
60 41 -1
60 42 -1
60 43 -1
60 44 -1
60 45 -1
60 46 -1
60 47 -1
60 48 -1
60 49 -1
61 0 -1
61 1 -1
61 2 -1
61 3 -1
61 4 -1
61 5 -1
61 6 -1
61 7 -1
61 8 -1
61 9 -1
61 10 -1
61 11 -1
61 12 -1
61 13 -1
61 14 -1
61 15 -1
61 16 -1
61 17 -1
61 18 -1
61 19 -1
61 20 -1
61 21 -1
61 22 -1
61 23 -1
61 24 -1
61 25 -1
61 26 -1
61 27 -1
61 28 -1
61 29 -1
61 30 -1
61 31 -1
61 32 -1
61 33 -1
61 34 -1
61 35 -1
61 36 -1
61 37 -1
61 38 -1
61 39 -1
61 40 -1
61 41 -1
61 42 -1
61 43 -1
61 44 -1
61 45 -1
61 46 -1
61 47 -1
61 48 -1
61 49 -1
62 0 -1
62 1 -1
62 2 -1
62 3 -1
62 4 -1
62 5 -1
62 6 -1
62 7 -1
62 8 -1
62 9 -1
62 10 -1
62 11 -1
62 12 -1
62 13 -1
62 14 -1
62 15 -1
62 16 -1
62 17 -1
62 18 -1
62 19 -1
62 20 -1
62 21 -1
62 22 -1
62 23 -1
62 24 -1
62 25 -1
62 26 -1
62 27 -1
62 28 -1
62 29 -1
62 30 -1
62 31 -1
62 32 -1
62 33 -1
62 34 -1
62 35 -1
62 36 -1
62 37 -1
62 38 -1
62 39 -1
62 40 -1
62 41 -1
62 42 -1
62 43 -1
62 44 -1
62 45 -1
62 46 -1
62 47 -1
62 48 -1
62 49 -1
63 0 -1
63 1 -1
63 2 -1
63 3 -1
63 4 -1
63 5 -1
63 6 -1
63 7 -1
63 8 -1
63 9 -1
63 10 -1
63 11 -1
63 12 -1
63 13 -1
63 14 -1
63 15 -1
63 16 -1
63 17 -1
63 18 -1
63 19 -1
63 20 -1
63 21 -1
63 22 -1
63 23 -1
63 24 -1
63 25 -1
63 26 -1
63 27 -1
63 28 -1
63 29 -1
63 30 -1
63 31 -1
63 32 -1
63 33 -1
63 34 -1
63 35 -1
63 36 -1
63 37 -1
63 38 -1
63 39 -1
63 40 -1
63 41 -1
63 42 -1
63 43 -1
63 44 -1
63 45 -1
63 46 -1
63 47 -1
63 48 -1
63 49 -1
64 0 -1
64 1 -1
64 2 -1
64 3 -1
64 4 -1
64 5 -1
64 6 -1
64 7 -1
64 8 -1
64 9 -1
64 10 -1
64 11 -1
64 12 -1
64 13 -1
64 14 -1
64 15 -1
64 16 -1
64 17 -1
64 18 -1
64 19 -1
64 20 -1
64 21 -1
64 22 -1
64 23 -1
64 24 -1
64 25 -1
64 26 -1
64 27 -1
64 28 -1
64 29 -1
64 30 -1
64 31 -1
64 32 -1
64 33 -1
64 34 -1
64 35 -1
64 36 -1
64 37 -1
64 38 -1
64 39 -1
64 40 -1
64 41 -1
64 42 -1
64 43 -1
64 44 -1
64 45 -1
64 46 -1
64 47 -1
64 48 -1
64 49 -1
65 0 1
65 1 -1
65 2 -1
65 3 -1
65 4 -1
65 5 -1
65 6 -1
65 7 -1
65 8 -1
65 9 -1
65 10 -1
65 11 -1
65 12 -1
65 13 -1
65 14 -1
65 15 -1
65 16 -1
65 17 -1
65 18 -1
65 19 -1
65 20 -1
65 21 -1
65 22 -1
65 23 -1
65 24 -1
65 25 -1
65 26 -1
65 27 -1
65 28 -1
65 29 -1
65 30 -1
65 31 -1
65 32 -1
65 33 -1
65 34 -1
65 35 -1
65 36 -1
65 37 -1
65 38 -1
65 39 -1
65 40 -1
65 41 -1
65 42 -1
65 43 -1
65 44 -1
65 45 -1
65 46 -1
65 47 -1
65 48 -1
65 49 -1
66 0 1
66 1 -1
66 2 -1
66 3 -1
66 4 -1
66 5 -1
66 6 -1
66 7 -1
66 8 -1
66 9 -1
66 10 -1
66 11 -1
66 12 -1
66 13 -1
66 14 -1
66 15 -1
66 16 -1
66 17 -1
66 18 -1
66 19 -1
66 20 -1
66 21 -1
66 22 -1
66 23 -1
66 24 -1
66 25 -1
66 26 -1
66 27 -1
66 28 -1
66 29 -1
66 30 -1
66 31 -1
66 32 -1
66 33 -1
66 34 -1
66 35 -1
66 36 -1
66 37 -1
66 38 -1
66 39 -1
66 40 -1
66 41 -1
66 42 -1
66 43 -1
66 44 -1
66 45 -1
66 46 -1
66 47 -1
66 48 -1
66 49 -1
67 0 -1
67 1 -1
67 2 -1
67 3 -1
67 4 -1
67 5 -1
67 6 -1
67 7 -1
67 8 -1
67 9 -1
67 10 -1
67 11 -1
67 12 -1
67 13 -1
67 14 -1
67 15 -1
67 16 -1
67 17 -1
67 18 -1
67 19 -1
67 20 -1
67 21 -1
67 22 -1
67 23 -1
67 24 -1
67 25 -1
67 26 -1
67 27 -1
67 28 -1
67 29 -1
67 30 -1
67 31 -1
67 32 -1
67 33 -1
67 34 -1
67 35 -1
67 36 -1
67 37 -1
67 38 -1
67 39 -1
67 40 -1
67 41 -1
67 42 -1
67 43 -1
67 44 -1
67 45 -1
67 46 -1
67 47 -1
67 48 -1
67 49 -1
68 0 -1
68 1 -1
68 2 -1
68 3 -1
68 4 -1
68 5 -1
68 6 -1
68 7 -1
68 8 -1
68 9 -1
68 10 -1
68 11 -1
68 12 -1
68 13 -1
68 14 -1
68 15 -1
68 16 -1
68 17 -1
68 18 -1
68 19 -1
68 20 -1
68 21 -1
68 22 -1
68 23 -1
68 24 -1
68 25 -1
68 26 -1
68 27 -1
68 28 -1
68 29 -1
68 30 -1
68 31 -1
68 32 -1
68 33 -1
68 34 -1
68 35 -1
68 36 -1
68 37 -1
68 38 -1
68 39 -1
68 40 -1
68 41 -1
68 42 -1
68 43 -1
68 44 -1
68 45 -1
68 46 -1
68 47 -1
68 48 -1
68 49 -1
69 0 1
69 1 -1
69 2 -1
69 3 -1
69 4 -1
69 5 -1
69 6 -1
69 7 -1
69 8 -1
69 9 -1
69 10 -1
69 11 -1
69 12 -1
69 13 -1
69 14 -1
69 15 -1
69 16 -1
69 17 -1
69 18 -1
69 19 -1
69 20 -1
69 21 -1
69 22 -1
69 23 -1
69 24 -1
69 25 -1
69 26 -1
69 27 -1
69 28 -1
69 29 -1
69 30 -1
69 31 -1
69 32 -1
69 33 -1
69 34 -1
69 35 -1
69 36 -1
69 37 -1
69 38 -1
69 39 -1
69 40 -1
69 41 -1
69 42 -1
69 43 -1
69 44 -1
69 45 -1
69 46 -1
69 47 -1
69 48 -1
69 49 -1
70 0 -1
70 1 -1
70 2 -1
70 3 -1
70 4 -1
70 5 -1
70 6 -1
70 7 -1
70 8 -1
70 9 -1
70 10 -1
70 11 -1
70 12 -1
70 13 -1
70 14 -1
70 15 -1
70 16 -1
70 17 -1
70 18 -1
70 19 -1
70 20 -1
70 21 -1
70 22 -1
70 23 -1
70 24 -1
70 25 -1
70 26 -1
70 27 -1
70 28 -1
70 29 -1
70 30 -1
70 31 -1
70 32 -1
70 33 -1
70 34 -1
70 35 -1
70 36 -1
70 37 -1
70 38 -1
70 39 -1
70 40 -1
70 41 -1
70 42 -1
70 43 -1
70 44 -1
70 45 -1
70 46 -1
70 47 -1
70 48 -1
70 49 -1
71 0 -1
71 1 -1
71 2 -1
71 3 -1
71 4 -1
71 5 -1
71 6 -1
71 7 -1
71 8 -1
71 9 -1
71 10 -1
71 11 -1
71 12 -1
71 13 -1
71 14 -1
71 15 -1
71 16 -1
71 17 -1
71 18 -1
71 19 -1
71 20 -1
71 21 -1
71 22 -1
71 23 -1
71 24 -1
71 25 -1
71 26 -1
71 27 -1
71 28 -1
71 29 -1
71 30 -1
71 31 -1
71 32 -1
71 33 -1
71 34 -1
71 35 -1
71 36 -1
71 37 -1
71 38 -1
71 39 -1
71 40 -1
71 41 -1
71 42 -1
71 43 -1
71 44 -1
71 45 -1
71 46 -1
71 47 -1
71 48 -1
71 49 -1
72 0 -1
72 1 -1
72 2 -1
72 3 -1
72 4 -1
72 5 -1
72 6 -1
72 7 -1
72 8 -1
72 9 -1
72 10 -1
72 11 -1
72 12 -1
72 13 -1
72 14 -1
72 15 -1
72 16 -1
72 17 -1
72 18 -1
72 19 -1
72 20 -1
72 21 -1
72 22 -1
72 23 -1
72 24 -1
72 25 -1
72 26 -1
72 27 -1
72 28 -1
72 29 -1
72 30 -1
72 31 -1
72 32 -1
72 33 -1
72 34 -1
72 35 -1
72 36 -1
72 37 -1
72 38 -1
72 39 -1
72 40 -1
72 41 -1
72 42 -1
72 43 -1
72 44 -1
72 45 -1
72 46 -1
72 47 -1
72 48 -1
72 49 -1
73 0 1
73 1 -1
73 2 -1
73 3 -1
73 4 -1
73 5 -1
73 6 -1
73 7 -1
73 8 -1
73 9 -1
73 10 -1
73 11 -1
73 12 -1
73 13 -1
73 14 -1
73 15 -1
73 16 -1
73 17 -1
73 18 -1
73 19 -1
73 20 -1
73 21 -1
73 22 -1
73 23 -1
73 24 -1
73 25 -1
73 26 -1
73 27 -1
73 28 -1
73 29 -1
73 30 -1
73 31 -1
73 32 -1
73 33 -1
73 34 -1
73 35 -1
73 36 -1
73 37 -1
73 38 -1
73 39 -1
73 40 -1
73 41 -1
73 42 -1
73 43 -1
73 44 -1
73 45 -1
73 46 -1
73 47 -1
73 48 -1
73 49 -1
74 0 -1
74 1 -1
74 2 -1
74 3 -1
74 4 -1
74 5 -1
74 6 -1
74 7 -1
74 8 -1
74 9 -1
74 10 -1
74 11 -1
74 12 -1
74 13 -1
74 14 -1
74 15 -1
74 16 -1
74 17 -1
74 18 -1
74 19 -1
74 20 -1
74 21 -1
74 22 -1
74 23 -1
74 24 -1
74 25 -1
74 26 -1
74 27 -1
74 28 -1
74 29 -1
74 30 -1
74 31 -1
74 32 -1
74 33 -1
74 34 -1
74 35 -1
74 36 -1
74 37 -1
74 38 -1
74 39 -1
74 40 -1
74 41 -1
74 42 -1
74 43 -1
74 44 -1
74 45 -1
74 46 -1
74 47 -1
74 48 -1
74 49 -1
75 0 -1
75 1 -1
75 2 -1
75 3 -1
75 4 -1
75 5 -1
75 6 -1
75 7 -1
75 8 -1
75 9 -1
75 10 -1
75 11 -1
75 12 -1
75 13 -1
75 14 -1
75 15 -1
75 16 -1
75 17 -1
75 18 -1
75 19 -1
75 20 -1
75 21 -1
75 22 -1
75 23 -1
75 24 -1
75 25 -1
75 26 -1
75 27 -1
75 28 -1
75 29 -1
75 30 -1
75 31 -1
75 32 -1
75 33 -1
75 34 -1
75 35 -1
75 36 -1
75 37 -1
75 38 -1
75 39 -1
75 40 -1
75 41 -1
75 42 -1
75 43 -1
75 44 -1
75 45 -1
75 46 -1
75 47 -1
75 48 -1
75 49 -1
76 0 1
76 1 -1
76 2 -1
76 3 -1
76 4 -1
76 5 -1
76 6 -1
76 7 -1
76 8 -1
76 9 -1
76 10 -1
76 11 -1
76 12 -1
76 13 -1
76 14 -1
76 15 -1
76 16 -1
76 17 -1
76 18 -1
76 19 -1
76 20 -1
76 21 -1
76 22 -1
76 23 -1
76 24 -1
76 25 -1
76 26 -1
76 27 -1
76 28 -1
76 29 -1
76 30 -1
76 31 -1
76 32 -1
76 33 -1
76 34 -1
76 35 -1
76 36 -1
76 37 -1
76 38 -1
76 39 -1
76 40 -1
76 41 -1
76 42 -1
76 43 -1
76 44 -1
76 45 -1
76 46 -1
76 47 -1
76 48 -1
76 49 -1
77 0 1
77 1 -1
77 2 -1
77 3 -1
77 4 -1
77 5 -1
77 6 -1
77 7 -1
77 8 -1
77 9 -1
77 10 -1
77 11 -1
77 12 -1
77 13 -1
77 14 -1
77 15 -1
77 16 -1
77 17 -1
77 18 -1
77 19 -1
77 20 -1
77 21 -1
77 22 -1
77 23 -1
77 24 -1
77 25 -1
77 26 -1
77 27 -1
77 28 -1
77 29 -1
77 30 -1
77 31 -1
77 32 -1
77 33 -1
77 34 -1
77 35 -1
77 36 -1
77 37 -1
77 38 -1
77 39 -1
77 40 -1
77 41 -1
77 42 -1
77 43 -1
77 44 -1
77 45 -1
77 46 -1
77 47 -1
77 48 -1
77 49 -1
78 0 -1
78 1 -1
78 2 -1
78 3 -1
78 4 -1
78 5 -1
78 6 -1
78 7 -1
78 8 -1
78 9 -1
78 10 -1
78 11 -1
78 12 -1
78 13 -1
78 14 -1
78 15 -1
78 16 -1
78 17 -1
78 18 -1
78 19 -1
78 20 -1
78 21 -1
78 22 -1
78 23 -1
78 24 -1
78 25 -1
78 26 -1
78 27 -1
78 28 -1
78 29 -1
78 30 -1
78 31 -1
78 32 -1
78 33 -1
78 34 -1
78 35 -1
78 36 -1
78 37 -1
78 38 -1
78 39 -1
78 40 -1
78 41 -1
78 42 -1
78 43 -1
78 44 -1
78 45 -1
78 46 -1
78 47 -1
78 48 -1
78 49 -1
79 0 -1
79 1 -1
79 2 -1
79 3 -1
79 4 -1
79 5 -1
79 6 -1
79 7 -1
79 8 -1
79 9 -1
79 10 -1
79 11 -1
79 12 -1
79 13 -1
79 14 -1
79 15 -1
79 16 -1
79 17 -1
79 18 -1
79 19 -1
79 20 -1
79 21 -1
79 22 -1
79 23 -1
79 24 -1
79 25 -1
79 26 -1
79 27 -1
79 28 -1
79 29 -1
79 30 -1
79 31 -1
79 32 -1
79 33 -1
79 34 -1
79 35 -1
79 36 -1
79 37 -1
79 38 -1
79 39 -1
79 40 -1
79 41 -1
79 42 -1
79 43 -1
79 44 -1
79 45 -1
79 46 -1
79 47 -1
79 48 -1
79 49 -1
80 0 -1
80 1 -1
80 2 -1
80 3 -1
80 4 -1
80 5 -1
80 6 -1
80 7 -1
80 8 -1
80 9 -1
80 10 -1
80 11 -1
80 12 -1
80 13 -1
80 14 -1
80 15 -1
80 16 -1
80 17 -1
80 18 -1
80 19 -1
80 20 -1
80 21 -1
80 22 -1
80 23 -1
80 24 -1
80 25 -1
80 26 -1
80 27 -1
80 28 -1
80 29 -1
80 30 -1
80 31 -1
80 32 -1
80 33 -1
80 34 -1
80 35 -1
80 36 -1
80 37 -1
80 38 -1
80 39 -1
80 40 -1
80 41 -1
80 42 -1
80 43 -1
80 44 -1
80 45 -1
80 46 -1
80 47 -1
80 48 -1
80 49 -1
81 0 1
81 1 -1
81 2 -1
81 3 -1
81 4 -1
81 5 -1
81 6 -1
81 7 -1
81 8 -1
81 9 -1
81 10 -1
81 11 -1
81 12 -1
81 13 -1
81 14 -1
81 15 -1
81 16 -1
81 17 -1
81 18 -1
81 19 -1
81 20 -1
81 21 -1
81 22 -1
81 23 -1
81 24 -1
81 25 -1
81 26 -1
81 27 -1
81 28 -1
81 29 -1
81 30 -1
81 31 -1
81 32 -1
81 33 -1
81 34 -1
81 35 -1
81 36 -1
81 37 -1
81 38 -1
81 39 -1
81 40 -1
81 41 -1
81 42 -1
81 43 -1
81 44 -1
81 45 -1
81 46 -1
81 47 -1
81 48 -1
81 49 -1
82 0 1
82 1 -1
82 2 -1
82 3 -1
82 4 -1
82 5 -1
82 6 -1
82 7 -1
82 8 -1
82 9 -1
82 10 -1
82 11 -1
82 12 -1
82 13 -1
82 14 -1
82 15 -1
82 16 -1
82 17 -1
82 18 -1
82 19 -1
82 20 -1
82 21 -1
82 22 -1
82 23 -1
82 24 -1
82 25 -1
82 26 -1
82 27 -1
82 28 -1
82 29 -1
82 30 -1
82 31 -1
82 32 -1
82 33 -1
82 34 -1
82 35 -1
82 36 -1
82 37 -1
82 38 -1
82 39 -1
82 40 -1
82 41 -1
82 42 -1
82 43 -1
82 44 -1
82 45 -1
82 46 -1
82 47 -1
82 48 -1
82 49 -1
83 0 -1
83 1 -1
83 2 -1
83 3 -1
83 4 -1
83 5 -1
83 6 -1
83 7 -1
83 8 -1
83 9 -1
83 10 -1
83 11 -1
83 12 -1
83 13 -1
83 14 -1
83 15 -1
83 16 -1
83 17 -1
83 18 -1
83 19 -1
83 20 -1
83 21 -1
83 22 -1
83 23 -1
83 24 -1
83 25 -1
83 26 -1
83 27 -1
83 28 -1
83 29 -1
83 30 -1
83 31 -1
83 32 -1
83 33 -1
83 34 -1
83 35 -1
83 36 -1
83 37 -1
83 38 -1
83 39 -1
83 40 -1
83 41 -1
83 42 -1
83 43 -1
83 44 -1
83 45 -1
83 46 -1
83 47 -1
83 48 -1
83 49 -1
84 0 1
84 1 -1
84 2 -1
84 3 -1
84 4 -1
84 5 -1
84 6 -1
84 7 -1
84 8 -1
84 9 -1
84 10 -1
84 11 -1
84 12 -1
84 13 -1
84 14 -1
84 15 -1
84 16 -1
84 17 -1
84 18 -1
84 19 -1
84 20 -1
84 21 -1
84 22 -1
84 23 -1
84 24 -1
84 25 -1
84 26 -1
84 27 -1
84 28 -1
84 29 -1
84 30 -1
84 31 -1
84 32 -1
84 33 -1
84 34 -1
84 35 -1
84 36 -1
84 37 -1
84 38 -1
84 39 -1
84 40 -1
84 41 -1
84 42 -1
84 43 -1
84 44 -1
84 45 -1
84 46 -1
84 47 -1
84 48 -1
84 49 -1
85 0 -1
85 1 1
85 2 -1
85 3 -1
85 4 -1
85 5 -1
85 6 -1
85 7 -1
85 8 -1
85 9 -1
85 10 -1
85 11 -1
85 12 -1
85 13 -1
85 14 -1
85 15 -1
85 16 -1
85 17 -1
85 18 -1
85 19 -1
85 20 -1
85 21 -1
85 22 -1
85 23 -1
85 24 -1
85 25 -1
85 26 -1
85 27 -1
85 28 -1
85 29 -1
85 30 -1
85 31 -1
85 32 -1
85 33 -1
85 34 -1
85 35 -1
85 36 -1
85 37 -1
85 38 -1
85 39 -1
85 40 -1
85 41 -1
85 42 -1
85 43 -1
85 44 -1
85 45 -1
85 46 -1
85 47 -1
85 48 -1
85 49 -1
86 0 -1
86 1 1
86 2 -1
86 3 -1
86 4 -1
86 5 -1
86 6 -1
86 7 -1
86 8 -1
86 9 -1
86 10 -1
86 11 -1
86 12 -1
86 13 -1
86 14 -1
86 15 -1
86 16 -1
86 17 -1
86 18 -1
86 19 -1
86 20 -1
86 21 -1
86 22 -1
86 23 -1
86 24 -1
86 25 -1
86 26 -1
86 27 -1
86 28 -1
86 29 -1
86 30 -1
86 31 -1
86 32 -1
86 33 -1
86 34 -1
86 35 -1
86 36 -1
86 37 -1
86 38 -1
86 39 -1
86 40 -1
86 41 -1
86 42 -1
86 43 -1
86 44 -1
86 45 -1
86 46 -1
86 47 -1
86 48 -1
86 49 -1
87 0 -1
87 1 -1
87 2 -1
87 3 -1
87 4 -1
87 5 -1
87 6 -1
87 7 -1
87 8 -1
87 9 -1
87 10 -1
87 11 -1
87 12 -1
87 13 -1
87 14 -1
87 15 -1
87 16 -1
87 17 -1
87 18 -1
87 19 -1
87 20 -1
87 21 -1
87 22 -1
87 23 -1
87 24 -1
87 25 -1
87 26 -1
87 27 -1
87 28 -1
87 29 -1
87 30 -1
87 31 -1
87 32 -1
87 33 -1
87 34 -1
87 35 -1
87 36 -1
87 37 -1
87 38 -1
87 39 -1
87 40 -1
87 41 -1
87 42 -1
87 43 -1
87 44 -1
87 45 -1
87 46 -1
87 47 -1
87 48 -1
87 49 -1
88 0 1
88 1 -1
88 2 -1
88 3 -1
88 4 -1
88 5 -1
88 6 -1
88 7 -1
88 8 -1
88 9 -1
88 10 -1
88 11 -1
88 12 -1
88 13 -1
88 14 -1
88 15 -1
88 16 -1
88 17 -1
88 18 -1
88 19 -1
88 20 -1
88 21 -1
88 22 -1
88 23 -1
88 24 -1
88 25 -1
88 26 -1
88 27 -1
88 28 -1
88 29 -1
88 30 -1
88 31 -1
88 32 -1
88 33 -1
88 34 -1
88 35 -1
88 36 -1
88 37 -1
88 38 -1
88 39 -1
88 40 -1
88 41 -1
88 42 -1
88 43 -1
88 44 -1
88 45 -1
88 46 -1
88 47 -1
88 48 -1
88 49 -1
89 0 1
89 1 -1
89 2 -1
89 3 -1
89 4 -1
89 5 -1
89 6 -1
89 7 -1
89 8 -1
89 9 -1
89 10 -1
89 11 -1
89 12 -1
89 13 -1
89 14 -1
89 15 -1
89 16 -1
89 17 -1
89 18 -1
89 19 -1
89 20 -1
89 21 -1
89 22 -1
89 23 -1
89 24 -1
89 25 -1
89 26 -1
89 27 -1
89 28 -1
89 29 -1
89 30 -1
89 31 -1
89 32 -1
89 33 -1
89 34 -1
89 35 -1
89 36 -1
89 37 -1
89 38 -1
89 39 -1
89 40 -1
89 41 -1
89 42 -1
89 43 -1
89 44 -1
89 45 -1
89 46 -1
89 47 -1
89 48 -1
89 49 -1
90 0 1
90 1 1
90 2 -1
90 3 -1
90 4 -1
90 5 -1
90 6 -1
90 7 -1
90 8 -1
90 9 -1
90 10 -1
90 11 -1
90 12 -1
90 13 -1
90 14 -1
90 15 -1
90 16 -1
90 17 -1
90 18 -1
90 19 -1
90 20 -1
90 21 -1
90 22 -1
90 23 -1
90 24 -1
90 25 -1
90 26 -1
90 27 -1
90 28 -1
90 29 -1
90 30 -1
90 31 -1
90 32 -1
90 33 -1
90 34 -1
90 35 -1
90 36 -1
90 37 -1
90 38 -1
90 39 -1
90 40 -1
90 41 -1
90 42 -1
90 43 -1
90 44 -1
90 45 -1
90 46 -1
90 47 -1
90 48 -1
90 49 -1
91 0 1
91 1 -1
91 2 -1
91 3 -1
91 4 -1
91 5 -1
91 6 -1
91 7 -1
91 8 -1
91 9 -1
91 10 -1
91 11 -1
91 12 -1
91 13 -1
91 14 -1
91 15 -1
91 16 -1
91 17 -1
91 18 -1
91 19 -1
91 20 -1
91 21 -1
91 22 -1
91 23 -1
91 24 -1
91 25 -1
91 26 -1
91 27 -1
91 28 -1
91 29 -1
91 30 -1
91 31 -1
91 32 -1
91 33 -1
91 34 -1
91 35 -1
91 36 -1
91 37 -1
91 38 -1
91 39 -1
91 40 -1
91 41 -1
91 42 -1
91 43 -1
91 44 -1
91 45 -1
91 46 -1
91 47 -1
91 48 -1
91 49 -1
92 0 -1
92 1 -1
92 2 -1
92 3 -1
92 4 -1
92 5 -1
92 6 -1
92 7 -1
92 8 -1
92 9 -1
92 10 -1
92 11 -1
92 12 -1
92 13 -1
92 14 -1
92 15 -1
92 16 -1
92 17 -1
92 18 -1
92 19 -1
92 20 -1
92 21 -1
92 22 -1
92 23 -1
92 24 -1
92 25 -1
92 26 -1
92 27 -1
92 28 -1
92 29 -1
92 30 -1
92 31 -1
92 32 -1
92 33 -1
92 34 -1
92 35 -1
92 36 -1
92 37 -1
92 38 -1
92 39 -1
92 40 -1
92 41 -1
92 42 -1
92 43 -1
92 44 -1
92 45 -1
92 46 -1
92 47 -1
92 48 -1
92 49 -1
93 0 -1
93 1 -1
93 2 -1
93 3 -1
93 4 -1
93 5 -1
93 6 -1
93 7 -1
93 8 -1
93 9 -1
93 10 -1
93 11 -1
93 12 -1
93 13 -1
93 14 -1
93 15 -1
93 16 -1
93 17 -1
93 18 -1
93 19 -1
93 20 -1
93 21 -1
93 22 -1
93 23 -1
93 24 -1
93 25 -1
93 26 -1
93 27 -1
93 28 -1
93 29 -1
93 30 -1
93 31 -1
93 32 -1
93 33 -1
93 34 -1
93 35 -1
93 36 -1
93 37 -1
93 38 -1
93 39 -1
93 40 -1
93 41 -1
93 42 -1
93 43 -1
93 44 -1
93 45 -1
93 46 -1
93 47 -1
93 48 -1
93 49 -1
94 0 1
94 1 -1
94 2 -1
94 3 -1
94 4 -1
94 5 -1
94 6 -1
94 7 -1
94 8 -1
94 9 -1
94 10 -1
94 11 -1
94 12 -1
94 13 -1
94 14 -1
94 15 -1
94 16 -1
94 17 -1
94 18 -1
94 19 -1
94 20 -1
94 21 -1
94 22 -1
94 23 -1
94 24 -1
94 25 -1
94 26 -1
94 27 -1
94 28 -1
94 29 -1
94 30 -1
94 31 -1
94 32 -1
94 33 -1
94 34 -1
94 35 -1
94 36 -1
94 37 -1
94 38 -1
94 39 -1
94 40 -1
94 41 -1
94 42 -1
94 43 -1
94 44 -1
94 45 -1
94 46 -1
94 47 -1
94 48 -1
94 49 -1
95 0 1
95 1 -1
95 2 -1
95 3 -1
95 4 -1
95 5 -1
95 6 -1
95 7 -1
95 8 -1
95 9 -1
95 10 -1
95 11 -1
95 12 -1
95 13 -1
95 14 -1
95 15 -1
95 16 -1
95 17 -1
95 18 -1
95 19 -1
95 20 -1
95 21 -1
95 22 -1
95 23 -1
95 24 -1
95 25 -1
95 26 -1
95 27 -1
95 28 -1
95 29 -1
95 30 -1
95 31 -1
95 32 -1
95 33 -1
95 34 -1
95 35 -1
95 36 -1
95 37 -1
95 38 -1
95 39 -1
95 40 -1
95 41 -1
95 42 -1
95 43 -1
95 44 -1
95 45 -1
95 46 -1
95 47 -1
95 48 -1
95 49 -1
96 0 1
96 1 -1
96 2 -1
96 3 -1
96 4 -1
96 5 -1
96 6 -1
96 7 -1
96 8 -1
96 9 -1
96 10 -1
96 11 -1
96 12 -1
96 13 -1
96 14 -1
96 15 -1
96 16 -1
96 17 -1
96 18 -1
96 19 -1
96 20 -1
96 21 -1
96 22 -1
96 23 -1
96 24 -1
96 25 -1
96 26 -1
96 27 -1
96 28 -1
96 29 -1
96 30 -1
96 31 -1
96 32 -1
96 33 -1
96 34 -1
96 35 -1
96 36 -1
96 37 -1
96 38 -1
96 39 -1
96 40 -1
96 41 -1
96 42 -1
96 43 -1
96 44 -1
96 45 -1
96 46 -1
96 47 -1
96 48 -1
96 49 -1
97 0 1
97 1 -1
97 2 -1
97 3 -1
97 4 -1
97 5 -1
97 6 -1
97 7 -1
97 8 -1
97 9 -1
97 10 -1
97 11 -1
97 12 -1
97 13 -1
97 14 -1
97 15 -1
97 16 -1
97 17 -1
97 18 -1
97 19 -1
97 20 -1
97 21 -1
97 22 -1
97 23 -1
97 24 -1
97 25 -1
97 26 -1
97 27 -1
97 28 -1
97 29 -1
97 30 -1
97 31 -1
97 32 -1
97 33 -1
97 34 -1
97 35 -1
97 36 -1
97 37 -1
97 38 -1
97 39 -1
97 40 -1
97 41 -1
97 42 -1
97 43 -1
97 44 -1
97 45 -1
97 46 -1
97 47 -1
97 48 -1
97 49 -1
98 0 -1
98 1 -1
98 2 -1
98 3 -1
98 4 -1
98 5 -1
98 6 -1
98 7 -1
98 8 -1
98 9 -1
98 10 -1
98 11 -1
98 12 -1
98 13 -1
98 14 -1
98 15 -1
98 16 -1
98 17 -1
98 18 -1
98 19 -1
98 20 -1
98 21 -1
98 22 -1
98 23 -1
98 24 -1
98 25 -1
98 26 -1
98 27 -1
98 28 -1
98 29 -1
98 30 -1
98 31 -1
98 32 -1
98 33 -1
98 34 -1
98 35 -1
98 36 -1
98 37 -1
98 38 -1
98 39 -1
98 40 -1
98 41 -1
98 42 -1
98 43 -1
98 44 -1
98 45 -1
98 46 -1
98 47 -1
98 48 -1
98 49 -1
99 0 1
99 1 -1
99 2 -1
99 3 -1
99 4 -1
99 5 -1
99 6 -1
99 7 -1
99 8 -1
99 9 -1
99 10 -1
99 11 -1
99 12 -1
99 13 -1
99 14 -1
99 15 -1
99 16 -1
99 17 -1
99 18 -1
99 19 -1
99 20 -1
99 21 -1
99 22 -1
99 23 -1
99 24 -1
99 25 -1
99 26 -1
99 27 -1
99 28 -1
99 29 -1
99 30 -1
99 31 -1
99 32 -1
99 33 -1
99 34 -1
99 35 -1
99 36 -1
99 37 -1
99 38 -1
99 39 -1
99 40 -1
99 41 -1
99 42 -1
99 43 -1
99 44 -1
99 45 -1
99 46 -1
99 47 -1
99 48 -1
99 49 -1
100 0 -1
100 1 -1
100 2 -1
100 3 -1
100 4 -1
100 5 -1
100 6 -1
100 7 -1
100 8 -1
100 9 -1
100 10 -1
100 11 -1
100 12 -1
100 13 -1
100 14 -1
100 15 -1
100 16 -1
100 17 -1
100 18 -1
100 19 -1
100 20 -1
100 21 -1
100 22 -1
100 23 -1
100 24 -1
100 25 -1
100 26 -1
100 27 -1
100 28 -1
100 29 -1
100 30 -1
100 31 -1
100 32 -1
100 33 -1
100 34 -1
100 35 -1
100 36 -1
100 37 -1
100 38 -1
100 39 -1
100 40 -1
100 41 -1
100 42 -1
100 43 -1
100 44 -1
100 45 -1
100 46 -1
100 47 -1
100 48 -1
100 49 -1
101 0 1
101 1 1
101 2 -1
101 3 -1
101 4 -1
101 5 -1
101 6 -1
101 7 -1
101 8 -1
101 9 -1
101 10 -1
101 11 -1
101 12 -1
101 13 -1
101 14 -1
101 15 -1
101 16 -1
101 17 -1
101 18 -1
101 19 -1
101 20 -1
101 21 -1
101 22 -1
101 23 -1
101 24 -1
101 25 -1
101 26 -1
101 27 -1
101 28 -1
101 29 -1
101 30 -1
101 31 -1
101 32 -1
101 33 -1
101 34 -1
101 35 -1
101 36 -1
101 37 -1
101 38 -1
101 39 -1
101 40 -1
101 41 -1
101 42 -1
101 43 -1
101 44 -1
101 45 -1
101 46 -1
101 47 -1
101 48 -1
101 49 -1
102 0 1
102 1 -1
102 2 -1
102 3 -1
102 4 -1
102 5 -1
102 6 -1
102 7 -1
102 8 -1
102 9 -1
102 10 -1
102 11 -1
102 12 -1
102 13 -1
102 14 -1
102 15 -1
102 16 -1
102 17 -1
102 18 -1
102 19 -1
102 20 -1
102 21 -1
102 22 -1
102 23 -1
102 24 -1
102 25 -1
102 26 -1
102 27 -1
102 28 -1
102 29 -1
102 30 -1
102 31 -1
102 32 -1
102 33 -1
102 34 -1
102 35 -1
102 36 -1
102 37 -1
102 38 -1
102 39 -1
102 40 -1
102 41 -1
102 42 -1
102 43 -1
102 44 -1
102 45 -1
102 46 -1
102 47 -1
102 48 -1
102 49 -1
103 0 1
103 1 -1
103 2 -1
103 3 -1
103 4 -1
103 5 -1
103 6 -1
103 7 -1
103 8 -1
103 9 -1
103 10 -1
103 11 -1
103 12 -1
103 13 -1
103 14 -1
103 15 -1
103 16 -1
103 17 -1
103 18 -1
103 19 -1
103 20 -1
103 21 -1
103 22 -1
103 23 -1
103 24 -1
103 25 -1
103 26 -1
103 27 -1
103 28 -1
103 29 -1
103 30 -1
103 31 -1
103 32 -1
103 33 -1
103 34 -1
103 35 -1
103 36 -1
103 37 -1
103 38 -1
103 39 -1
103 40 -1
103 41 -1
103 42 -1
103 43 -1
103 44 -1
103 45 -1
103 46 -1
103 47 -1
103 48 -1
103 49 -1
104 0 -1
104 1 -1
104 2 -1
104 3 -1
104 4 -1
104 5 -1
104 6 -1
104 7 -1
104 8 -1
104 9 -1
104 10 -1
104 11 -1
104 12 -1
104 13 -1
104 14 -1
104 15 -1
104 16 -1
104 17 -1
104 18 -1
104 19 -1
104 20 -1
104 21 -1
104 22 -1
104 23 -1
104 24 -1
104 25 -1
104 26 -1
104 27 -1
104 28 -1
104 29 -1
104 30 -1
104 31 -1
104 32 -1
104 33 -1
104 34 -1
104 35 -1
104 36 -1
104 37 -1
104 38 -1
104 39 -1
104 40 -1
104 41 -1
104 42 -1
104 43 -1
104 44 -1
104 45 -1
104 46 -1
104 47 -1
104 48 -1
104 49 -1
105 0 -1
105 1 -1
105 2 -1
105 3 -1
105 4 -1
105 5 -1
105 6 -1
105 7 -1
105 8 -1
105 9 -1
105 10 -1
105 11 -1
105 12 -1
105 13 -1
105 14 -1
105 15 -1
105 16 -1
105 17 -1
105 18 -1
105 19 -1
105 20 -1
105 21 -1
105 22 -1
105 23 -1
105 24 -1
105 25 -1
105 26 -1
105 27 -1
105 28 -1
105 29 -1
105 30 -1
105 31 -1
105 32 -1
105 33 -1
105 34 -1
105 35 -1
105 36 -1
105 37 -1
105 38 -1
105 39 -1
105 40 -1
105 41 -1
105 42 -1
105 43 -1
105 44 -1
105 45 -1
105 46 -1
105 47 -1
105 48 -1
105 49 -1
106 0 -1
106 1 -1
106 2 -1
106 3 -1
106 4 -1
106 5 -1
106 6 -1
106 7 -1
106 8 -1
106 9 -1
106 10 -1
106 11 -1
106 12 -1
106 13 -1
106 14 -1
106 15 -1
106 16 -1
106 17 -1
106 18 -1
106 19 -1
106 20 -1
106 21 -1
106 22 -1
106 23 -1
106 24 -1
106 25 -1
106 26 -1
106 27 -1
106 28 -1
106 29 -1
106 30 -1
106 31 -1
106 32 -1
106 33 -1
106 34 -1
106 35 -1
106 36 -1
106 37 -1
106 38 -1
106 39 -1
106 40 -1
106 41 -1
106 42 -1
106 43 -1
106 44 -1
106 45 -1
106 46 -1
106 47 -1
106 48 -1
106 49 -1
107 0 1
107 1 -1
107 2 -1
107 3 -1
107 4 -1
107 5 -1
107 6 -1
107 7 -1
107 8 -1
107 9 -1
107 10 -1
107 11 -1
107 12 -1
107 13 -1
107 14 -1
107 15 -1
107 16 -1
107 17 -1
107 18 -1
107 19 -1
107 20 -1
107 21 -1
107 22 -1
107 23 -1
107 24 -1
107 25 -1
107 26 -1
107 27 -1
107 28 -1
107 29 -1
107 30 -1
107 31 -1
107 32 -1
107 33 -1
107 34 -1
107 35 -1
107 36 -1
107 37 -1
107 38 -1
107 39 -1
107 40 -1
107 41 -1
107 42 -1
107 43 -1
107 44 -1
107 45 -1
107 46 -1
107 47 -1
107 48 -1
107 49 -1
108 0 1
108 1 -1
108 2 -1
108 3 -1
108 4 -1
108 5 -1
108 6 -1
108 7 -1
108 8 -1
108 9 -1
108 10 -1
108 11 -1
108 12 -1
108 13 -1
108 14 -1
108 15 -1
108 16 -1
108 17 -1
108 18 -1
108 19 -1
108 20 -1
108 21 -1
108 22 -1
108 23 -1
108 24 -1
108 25 -1
108 26 -1
108 27 -1
108 28 -1
108 29 -1
108 30 -1
108 31 -1
108 32 -1
108 33 -1
108 34 -1
108 35 -1
108 36 -1
108 37 -1
108 38 -1
108 39 -1
108 40 -1
108 41 -1
108 42 -1
108 43 -1
108 44 -1
108 45 -1
108 46 -1
108 47 -1
108 48 -1
108 49 -1
109 0 -1
109 1 1
109 2 -1
109 3 -1
109 4 -1
109 5 -1
109 6 -1
109 7 -1
109 8 -1
109 9 -1
109 10 -1
109 11 -1
109 12 -1
109 13 -1
109 14 -1
109 15 -1
109 16 -1
109 17 -1
109 18 -1
109 19 -1
109 20 -1
109 21 -1
109 22 -1
109 23 -1
109 24 -1
109 25 -1
109 26 -1
109 27 -1
109 28 -1
109 29 -1
109 30 -1
109 31 -1
109 32 -1
109 33 -1
109 34 -1
109 35 -1
109 36 -1
109 37 -1
109 38 -1
109 39 -1
109 40 -1
109 41 -1
109 42 -1
109 43 -1
109 44 -1
109 45 -1
109 46 -1
109 47 -1
109 48 -1
109 49 -1
110 0 1
110 1 -1
110 2 -1
110 3 -1
110 4 -1
110 5 -1
110 6 -1
110 7 -1
110 8 -1
110 9 -1
110 10 -1
110 11 -1
110 12 -1
110 13 -1
110 14 -1
110 15 -1
110 16 -1
110 17 -1
110 18 -1
110 19 -1
110 20 -1
110 21 -1
110 22 -1
110 23 -1
110 24 -1
110 25 -1
110 26 -1
110 27 -1
110 28 -1
110 29 -1
110 30 -1
110 31 -1
110 32 -1
110 33 -1
110 34 -1
110 35 -1
110 36 -1
110 37 -1
110 38 -1
110 39 -1
110 40 -1
110 41 -1
110 42 -1
110 43 -1
110 44 -1
110 45 -1
110 46 -1
110 47 -1
110 48 -1
110 49 -1
111 0 1
111 1 -1
111 2 -1
111 3 -1
111 4 -1
111 5 -1
111 6 -1
111 7 -1
111 8 -1
111 9 -1
111 10 -1
111 11 -1
111 12 -1
111 13 -1
111 14 -1
111 15 -1
111 16 -1
111 17 -1
111 18 -1
111 19 -1
111 20 -1
111 21 -1
111 22 -1
111 23 -1
111 24 -1
111 25 -1
111 26 -1
111 27 -1
111 28 -1
111 29 -1
111 30 -1
111 31 -1
111 32 -1
111 33 -1
111 34 -1
111 35 -1
111 36 -1
111 37 -1
111 38 -1
111 39 -1
111 40 -1
111 41 -1
111 42 -1
111 43 -1
111 44 -1
111 45 -1
111 46 -1
111 47 -1
111 48 -1
111 49 -1
112 0 1
112 1 -1
112 2 -1
112 3 -1
112 4 -1
112 5 -1
112 6 -1
112 7 -1
112 8 -1
112 9 -1
112 10 -1
112 11 -1
112 12 -1
112 13 -1
112 14 -1
112 15 -1
112 16 -1
112 17 -1
112 18 -1
112 19 -1
112 20 -1
112 21 -1
112 22 -1
112 23 -1
112 24 -1
112 25 -1
112 26 -1
112 27 -1
112 28 -1
112 29 -1
112 30 -1
112 31 -1
112 32 -1
112 33 -1
112 34 -1
112 35 -1
112 36 -1
112 37 -1
112 38 -1
112 39 -1
112 40 -1
112 41 -1
112 42 -1
112 43 -1
112 44 -1
112 45 -1
112 46 -1
112 47 -1
112 48 -1
112 49 -1
113 0 -1
113 1 -1
113 2 -1
113 3 -1
113 4 -1
113 5 -1
113 6 -1
113 7 -1
113 8 -1
113 9 -1
113 10 -1
113 11 -1
113 12 -1
113 13 -1
113 14 -1
113 15 -1
113 16 -1
113 17 -1
113 18 -1
113 19 -1
113 20 -1
113 21 -1
113 22 -1
113 23 -1
113 24 -1
113 25 -1
113 26 -1
113 27 -1
113 28 -1
113 29 -1
113 30 -1
113 31 -1
113 32 -1
113 33 -1
113 34 -1
113 35 -1
113 36 -1
113 37 -1
113 38 -1
113 39 -1
113 40 -1
113 41 -1
113 42 -1
113 43 -1
113 44 -1
113 45 -1
113 46 -1
113 47 -1
113 48 -1
113 49 -1
114 0 -1
114 1 -1
114 2 -1
114 3 -1
114 4 -1
114 5 -1
114 6 -1
114 7 -1
114 8 -1
114 9 -1
114 10 -1
114 11 -1
114 12 -1
114 13 -1
114 14 -1
114 15 -1
114 16 -1
114 17 -1
114 18 -1
114 19 -1
114 20 -1
114 21 -1
114 22 -1
114 23 -1
114 24 -1
114 25 -1
114 26 -1
114 27 -1
114 28 -1
114 29 -1
114 30 -1
114 31 -1
114 32 -1
114 33 -1
114 34 -1
114 35 -1
114 36 -1
114 37 -1
114 38 -1
114 39 -1
114 40 -1
114 41 -1
114 42 -1
114 43 -1
114 44 -1
114 45 -1
114 46 -1
114 47 -1
114 48 -1
114 49 -1
115 0 -1
115 1 -1
115 2 -1
115 3 -1
115 4 -1
115 5 -1
115 6 -1
115 7 -1
115 8 -1
115 9 -1
115 10 -1
115 11 -1
115 12 -1
115 13 -1
115 14 -1
115 15 -1
115 16 -1
115 17 -1
115 18 -1
115 19 -1
115 20 -1
115 21 -1
115 22 -1
115 23 -1
115 24 -1
115 25 -1
115 26 -1
115 27 -1
115 28 -1
115 29 -1
115 30 -1
115 31 -1
115 32 -1
115 33 -1
115 34 -1
115 35 -1
115 36 -1
115 37 -1
115 38 -1
115 39 -1
115 40 -1
115 41 -1
115 42 -1
115 43 -1
115 44 -1
115 45 -1
115 46 -1
115 47 -1
115 48 -1
115 49 -1
116 0 1
116 1 -1
116 2 -1
116 3 -1
116 4 -1
116 5 -1
116 6 -1
116 7 -1
116 8 -1
116 9 -1
116 10 -1
116 11 -1
116 12 -1
116 13 -1
116 14 -1
116 15 -1
116 16 -1
116 17 -1
116 18 -1
116 19 -1
116 20 -1
116 21 -1
116 22 -1
116 23 -1
116 24 -1
116 25 -1
116 26 -1
116 27 -1
116 28 -1
116 29 -1
116 30 -1
116 31 -1
116 32 -1
116 33 -1
116 34 -1
116 35 -1
116 36 -1
116 37 -1
116 38 -1
116 39 -1
116 40 -1
116 41 -1
116 42 -1
116 43 -1
116 44 -1
116 45 -1
116 46 -1
116 47 -1
116 48 -1
116 49 -1
117 0 -1
117 1 -1
117 2 -1
117 3 -1
117 4 -1
117 5 -1
117 6 -1
117 7 -1
117 8 -1
117 9 -1
117 10 -1
117 11 -1
117 12 -1
117 13 -1
117 14 -1
117 15 -1
117 16 -1
117 17 -1
117 18 -1
117 19 -1
117 20 -1
117 21 -1
117 22 -1
117 23 -1
117 24 -1
117 25 -1
117 26 -1
117 27 -1
117 28 -1
117 29 -1
117 30 -1
117 31 -1
117 32 -1
117 33 -1
117 34 -1
117 35 -1
117 36 -1
117 37 -1
117 38 -1
117 39 -1
117 40 -1
117 41 -1
117 42 -1
117 43 -1
117 44 -1
117 45 -1
117 46 -1
117 47 -1
117 48 -1
117 49 -1
118 0 -1
118 1 -1
118 2 -1
118 3 -1
118 4 -1
118 5 -1
118 6 -1
118 7 -1
118 8 -1
118 9 -1
118 10 -1
118 11 -1
118 12 -1
118 13 -1
118 14 -1
118 15 -1
118 16 -1
118 17 -1
118 18 -1
118 19 -1
118 20 -1
118 21 -1
118 22 -1
118 23 -1
118 24 -1
118 25 -1
118 26 -1
118 27 -1
118 28 -1
118 29 -1
118 30 -1
118 31 -1
118 32 -1
118 33 -1
118 34 -1
118 35 -1
118 36 -1
118 37 -1
118 38 -1
118 39 -1
118 40 -1
118 41 -1
118 42 -1
118 43 -1
118 44 -1
118 45 -1
118 46 -1
118 47 -1
118 48 -1
118 49 -1
119 0 -1
119 1 -1
119 2 -1
119 3 -1
119 4 -1
119 5 -1
119 6 -1
119 7 -1
119 8 -1
119 9 -1
119 10 -1
119 11 -1
119 12 -1
119 13 -1
119 14 -1
119 15 -1
119 16 -1
119 17 -1
119 18 -1
119 19 -1
119 20 -1
119 21 -1
119 22 -1
119 23 -1
119 24 -1
119 25 -1
119 26 -1
119 27 -1
119 28 -1
119 29 -1
119 30 -1
119 31 -1
119 32 -1
119 33 -1
119 34 -1
119 35 -1
119 36 -1
119 37 -1
119 38 -1
119 39 -1
119 40 -1
119 41 -1
119 42 -1
119 43 -1
119 44 -1
119 45 -1
119 46 -1
119 47 -1
119 48 -1
119 49 -1
120 0 1
120 1 -1
120 2 -1
120 3 -1
120 4 -1
120 5 -1
120 6 -1
120 7 -1
120 8 -1
120 9 -1
120 10 -1
120 11 -1
120 12 -1
120 13 -1
120 14 -1
120 15 -1
120 16 -1
120 17 -1
120 18 -1
120 19 -1
120 20 -1
120 21 -1
120 22 -1
120 23 -1
120 24 -1
120 25 -1
120 26 -1
120 27 -1
120 28 -1
120 29 -1
120 30 -1
120 31 -1
120 32 -1
120 33 -1
120 34 -1
120 35 -1
120 36 -1
120 37 -1
120 38 -1
120 39 -1
120 40 -1
120 41 -1
120 42 -1
120 43 -1
120 44 -1
120 45 -1
120 46 -1
120 47 -1
120 48 -1
120 49 -1
121 0 1
121 1 -1
121 2 -1
121 3 -1
121 4 -1
121 5 -1
121 6 -1
121 7 -1
121 8 -1
121 9 -1
121 10 -1
121 11 -1
121 12 -1
121 13 -1
121 14 -1
121 15 -1
121 16 -1
121 17 -1
121 18 -1
121 19 -1
121 20 -1
121 21 -1
121 22 -1
121 23 -1
121 24 -1
121 25 -1
121 26 -1
121 27 -1
121 28 -1
121 29 -1
121 30 -1
121 31 -1
121 32 -1
121 33 -1
121 34 -1
121 35 -1
121 36 -1
121 37 -1
121 38 -1
121 39 -1
121 40 -1
121 41 -1
121 42 -1
121 43 -1
121 44 -1
121 45 -1
121 46 -1
121 47 -1
121 48 -1
121 49 -1
122 0 -1
122 1 -1
122 2 -1
122 3 -1
122 4 -1
122 5 -1
122 6 -1
122 7 -1
122 8 -1
122 9 -1
122 10 -1
122 11 -1
122 12 -1
122 13 -1
122 14 -1
122 15 -1
122 16 -1
122 17 -1
122 18 -1
122 19 -1
122 20 -1
122 21 -1
122 22 -1
122 23 -1
122 24 -1
122 25 -1
122 26 -1
122 27 -1
122 28 -1
122 29 -1
122 30 -1
122 31 -1
122 32 -1
122 33 -1
122 34 -1
122 35 -1
122 36 -1
122 37 -1
122 38 -1
122 39 -1
122 40 -1
122 41 -1
122 42 -1
122 43 -1
122 44 -1
122 45 -1
122 46 -1
122 47 -1
122 48 -1
122 49 -1
123 0 -1
123 1 -1
123 2 -1
123 3 -1
123 4 -1
123 5 -1
123 6 -1
123 7 -1
123 8 -1
123 9 -1
123 10 -1
123 11 -1
123 12 -1
123 13 -1
123 14 -1
123 15 -1
123 16 -1
123 17 -1
123 18 -1
123 19 -1
123 20 -1
123 21 -1
123 22 -1
123 23 -1
123 24 -1
123 25 -1
123 26 -1
123 27 -1
123 28 -1
123 29 -1
123 30 -1
123 31 -1
123 32 -1
123 33 -1
123 34 -1
123 35 -1
123 36 -1
123 37 -1
123 38 -1
123 39 -1
123 40 -1
123 41 -1
123 42 -1
123 43 -1
123 44 -1
123 45 -1
123 46 -1
123 47 -1
123 48 -1
123 49 -1
124 0 -1
124 1 -1
124 2 -1
124 3 -1
124 4 -1
124 5 -1
124 6 -1
124 7 -1
124 8 -1
124 9 -1
124 10 -1
124 11 -1
124 12 -1
124 13 -1
124 14 -1
124 15 -1
124 16 -1
124 17 -1
124 18 -1
124 19 -1
124 20 -1
124 21 -1
124 22 -1
124 23 -1
124 24 -1
124 25 -1
124 26 -1
124 27 -1
124 28 -1
124 29 -1
124 30 -1
124 31 -1
124 32 -1
124 33 -1
124 34 -1
124 35 -1
124 36 -1
124 37 -1
124 38 -1
124 39 -1
124 40 -1
124 41 -1
124 42 -1
124 43 -1
124 44 -1
124 45 -1
124 46 -1
124 47 -1
124 48 -1
124 49 -1
125 0 1
125 1 -1
125 2 -1
125 3 -1
125 4 -1
125 5 -1
125 6 -1
125 7 -1
125 8 -1
125 9 -1
125 10 -1
125 11 -1
125 12 -1
125 13 -1
125 14 -1
125 15 -1
125 16 -1
125 17 -1
125 18 -1
125 19 -1
125 20 -1
125 21 -1
125 22 -1
125 23 -1
125 24 -1
125 25 -1
125 26 -1
125 27 -1
125 28 -1
125 29 -1
125 30 -1
125 31 -1
125 32 -1
125 33 -1
125 34 -1
125 35 -1
125 36 -1
125 37 -1
125 38 -1
125 39 -1
125 40 -1
125 41 -1
125 42 -1
125 43 -1
125 44 -1
125 45 -1
125 46 -1
125 47 -1
125 48 -1
125 49 -1
126 0 1
126 1 -1
126 2 -1
126 3 -1
126 4 -1
126 5 -1
126 6 -1
126 7 -1
126 8 -1
126 9 -1
126 10 -1
126 11 -1
126 12 -1
126 13 -1
126 14 -1
126 15 -1
126 16 -1
126 17 -1
126 18 -1
126 19 -1
126 20 -1
126 21 -1
126 22 -1
126 23 -1
126 24 -1
126 25 -1
126 26 -1
126 27 -1
126 28 -1
126 29 -1
126 30 -1
126 31 -1
126 32 -1
126 33 -1
126 34 -1
126 35 -1
126 36 -1
126 37 -1
126 38 -1
126 39 -1
126 40 -1
126 41 -1
126 42 -1
126 43 -1
126 44 -1
126 45 -1
126 46 -1
126 47 -1
126 48 -1
126 49 -1
127 0 -1
127 1 -1
127 2 -1
127 3 -1
127 4 -1
127 5 -1
127 6 -1
127 7 -1
127 8 -1
127 9 -1
127 10 -1
127 11 -1
127 12 -1
127 13 -1
127 14 -1
127 15 -1
127 16 -1
127 17 -1
127 18 -1
127 19 -1
127 20 -1
127 21 -1
127 22 -1
127 23 -1
127 24 -1
127 25 -1
127 26 -1
127 27 -1
127 28 -1
127 29 -1
127 30 -1
127 31 -1
127 32 -1
127 33 -1
127 34 -1
127 35 -1
127 36 -1
127 37 -1
127 38 -1
127 39 -1
127 40 -1
127 41 -1
127 42 -1
127 43 -1
127 44 -1
127 45 -1
127 46 -1
127 47 -1
127 48 -1
127 49 -1
128 0 1
128 1 -1
128 2 -1
128 3 -1
128 4 -1
128 5 -1
128 6 -1
128 7 -1
128 8 -1
128 9 -1
128 10 -1
128 11 -1
128 12 -1
128 13 -1
128 14 -1
128 15 -1
128 16 -1
128 17 -1
128 18 -1
128 19 -1
128 20 -1
128 21 -1
128 22 -1
128 23 -1
128 24 -1
128 25 -1
128 26 -1
128 27 -1
128 28 -1
128 29 -1
128 30 -1
128 31 -1
128 32 -1
128 33 -1
128 34 -1
128 35 -1
128 36 -1
128 37 -1
128 38 -1
128 39 -1
128 40 -1
128 41 -1
128 42 -1
128 43 -1
128 44 -1
128 45 -1
128 46 -1
128 47 -1
128 48 -1
128 49 -1
129 0 -1
129 1 -1
129 2 -1
129 3 -1
129 4 -1
129 5 -1
129 6 -1
129 7 -1
129 8 -1
129 9 -1
129 10 -1
129 11 -1
129 12 -1
129 13 -1
129 14 -1
129 15 -1
129 16 -1
129 17 -1
129 18 -1
129 19 -1
129 20 -1
129 21 -1
129 22 -1
129 23 -1
129 24 -1
129 25 -1
129 26 -1
129 27 -1
129 28 -1
129 29 -1
129 30 -1
129 31 -1
129 32 -1
129 33 -1
129 34 -1
129 35 -1
129 36 -1
129 37 -1
129 38 -1
129 39 -1
129 40 -1
129 41 -1
129 42 -1
129 43 -1
129 44 -1
129 45 -1
129 46 -1
129 47 -1
129 48 -1
129 49 -1
130 0 -1
130 1 -1
130 2 -1
130 3 -1
130 4 -1
130 5 -1
130 6 -1
130 7 -1
130 8 -1
130 9 -1
130 10 -1
130 11 -1
130 12 -1
130 13 -1
130 14 -1
130 15 -1
130 16 -1
130 17 -1
130 18 -1
130 19 -1
130 20 -1
130 21 -1
130 22 -1
130 23 -1
130 24 -1
130 25 -1
130 26 -1
130 27 -1
130 28 -1
130 29 -1
130 30 -1
130 31 -1
130 32 -1
130 33 -1
130 34 -1
130 35 -1
130 36 -1
130 37 -1
130 38 -1
130 39 -1
130 40 -1
130 41 -1
130 42 -1
130 43 -1
130 44 -1
130 45 -1
130 46 -1
130 47 -1
130 48 -1
130 49 -1
131 0 -1
131 1 -1
131 2 -1
131 3 -1
131 4 -1
131 5 -1
131 6 -1
131 7 -1
131 8 -1
131 9 -1
131 10 -1
131 11 -1
131 12 -1
131 13 -1
131 14 -1
131 15 -1
131 16 -1
131 17 -1
131 18 -1
131 19 -1
131 20 -1
131 21 -1
131 22 -1
131 23 -1
131 24 -1
131 25 -1
131 26 -1
131 27 -1
131 28 -1
131 29 -1
131 30 -1
131 31 -1
131 32 -1
131 33 -1
131 34 -1
131 35 -1
131 36 -1
131 37 -1
131 38 -1
131 39 -1
131 40 -1
131 41 -1
131 42 -1
131 43 -1
131 44 -1
131 45 -1
131 46 -1
131 47 -1
131 48 -1
131 49 -1
132 0 1
132 1 -1
132 2 -1
132 3 -1
132 4 -1
132 5 -1
132 6 -1
132 7 -1
132 8 -1
132 9 -1
132 10 -1
132 11 -1
132 12 -1
132 13 -1
132 14 -1
132 15 -1
132 16 -1
132 17 -1
132 18 -1
132 19 -1
132 20 -1
132 21 -1
132 22 -1
132 23 -1
132 24 -1
132 25 -1
132 26 -1
132 27 -1
132 28 -1
132 29 -1
132 30 -1
132 31 -1
132 32 -1
132 33 -1
132 34 -1
132 35 -1
132 36 -1
132 37 -1
132 38 -1
132 39 -1
132 40 -1
132 41 -1
132 42 -1
132 43 -1
132 44 -1
132 45 -1
132 46 -1
132 47 -1
132 48 -1
132 49 -1
133 0 -1
133 1 -1
133 2 -1
133 3 -1
133 4 -1
133 5 -1
133 6 -1
133 7 -1
133 8 -1
133 9 -1
133 10 -1
133 11 -1
133 12 -1
133 13 -1
133 14 -1
133 15 -1
133 16 -1
133 17 -1
133 18 -1
133 19 -1
133 20 -1
133 21 -1
133 22 -1
133 23 -1
133 24 -1
133 25 -1
133 26 -1
133 27 -1
133 28 -1
133 29 -1
133 30 -1
133 31 -1
133 32 -1
133 33 -1
133 34 -1
133 35 -1
133 36 -1
133 37 -1
133 38 -1
133 39 -1
133 40 -1
133 41 -1
133 42 -1
133 43 -1
133 44 -1
133 45 -1
133 46 -1
133 47 -1
133 48 -1
133 49 -1
134 0 -1
134 1 -1
134 2 -1
134 3 -1
134 4 -1
134 5 -1
134 6 -1
134 7 -1
134 8 -1
134 9 -1
134 10 -1
134 11 -1
134 12 -1
134 13 -1
134 14 -1
134 15 -1
134 16 -1
134 17 -1
134 18 -1
134 19 -1
134 20 -1
134 21 -1
134 22 -1
134 23 -1
134 24 -1
134 25 -1
134 26 -1
134 27 -1
134 28 -1
134 29 -1
134 30 -1
134 31 -1
134 32 -1
134 33 -1
134 34 -1
134 35 -1
134 36 -1
134 37 -1
134 38 -1
134 39 -1
134 40 -1
134 41 -1
134 42 -1
134 43 -1
134 44 -1
134 45 -1
134 46 -1
134 47 -1
134 48 -1
134 49 -1
135 0 -1
135 1 -1
135 2 -1
135 3 -1
135 4 -1
135 5 -1
135 6 -1
135 7 -1
135 8 -1
135 9 -1
135 10 -1
135 11 -1
135 12 -1
135 13 -1
135 14 -1
135 15 -1
135 16 -1
135 17 -1
135 18 -1
135 19 -1
135 20 -1
135 21 -1
135 22 -1
135 23 -1
135 24 -1
135 25 -1
135 26 -1
135 27 -1
135 28 -1
135 29 -1
135 30 -1
135 31 -1
135 32 -1
135 33 -1
135 34 -1
135 35 -1
135 36 -1
135 37 -1
135 38 -1
135 39 -1
135 40 -1
135 41 -1
135 42 -1
135 43 -1
135 44 -1
135 45 -1
135 46 -1
135 47 -1
135 48 -1
135 49 -1
136 0 -1
136 1 -1
136 2 -1
136 3 -1
136 4 -1
136 5 -1
136 6 -1
136 7 -1
136 8 -1
136 9 -1
136 10 -1
136 11 -1
136 12 -1
136 13 -1
136 14 -1
136 15 -1
136 16 -1
136 17 -1
136 18 -1
136 19 -1
136 20 -1
136 21 -1
136 22 -1
136 23 -1
136 24 -1
136 25 -1
136 26 -1
136 27 -1
136 28 -1
136 29 -1
136 30 -1
136 31 -1
136 32 -1
136 33 -1
136 34 -1
136 35 -1
136 36 -1
136 37 -1
136 38 -1
136 39 -1
136 40 -1
136 41 -1
136 42 -1
136 43 -1
136 44 -1
136 45 -1
136 46 -1
136 47 -1
136 48 -1
136 49 -1
137 0 -1
137 1 -1
137 2 -1
137 3 -1
137 4 -1
137 5 -1
137 6 -1
137 7 -1
137 8 -1
137 9 -1
137 10 -1
137 11 -1
137 12 -1
137 13 -1
137 14 -1
137 15 -1
137 16 -1
137 17 -1
137 18 -1
137 19 -1
137 20 -1
137 21 -1
137 22 -1
137 23 -1
137 24 -1
137 25 -1
137 26 -1
137 27 -1
137 28 -1
137 29 -1
137 30 -1
137 31 -1
137 32 -1
137 33 -1
137 34 -1
137 35 -1
137 36 -1
137 37 -1
137 38 -1
137 39 -1
137 40 -1
137 41 -1
137 42 -1
137 43 -1
137 44 -1
137 45 -1
137 46 -1
137 47 -1
137 48 -1
137 49 -1
138 0 -1
138 1 -1
138 2 -1
138 3 -1
138 4 -1
138 5 -1
138 6 -1
138 7 -1
138 8 -1
138 9 -1
138 10 -1
138 11 -1
138 12 -1
138 13 -1
138 14 -1
138 15 -1
138 16 -1
138 17 -1
138 18 -1
138 19 -1
138 20 -1
138 21 -1
138 22 -1
138 23 -1
138 24 -1
138 25 -1
138 26 -1
138 27 -1
138 28 -1
138 29 -1
138 30 -1
138 31 -1
138 32 -1
138 33 -1
138 34 -1
138 35 -1
138 36 -1
138 37 -1
138 38 -1
138 39 -1
138 40 -1
138 41 -1
138 42 -1
138 43 -1
138 44 -1
138 45 -1
138 46 -1
138 47 -1
138 48 -1
138 49 -1
139 0 -1
139 1 -1
139 2 -1
139 3 -1
139 4 -1
139 5 -1
139 6 -1
139 7 -1
139 8 -1
139 9 -1
139 10 -1
139 11 -1
139 12 -1
139 13 -1
139 14 -1
139 15 -1
139 16 -1
139 17 -1
139 18 -1
139 19 -1
139 20 -1
139 21 -1
139 22 -1
139 23 -1
139 24 -1
139 25 -1
139 26 -1
139 27 -1
139 28 -1
139 29 -1
139 30 -1
139 31 -1
139 32 -1
139 33 -1
139 34 -1
139 35 -1
139 36 -1
139 37 -1
139 38 -1
139 39 -1
139 40 -1
139 41 -1
139 42 -1
139 43 -1
139 44 -1
139 45 -1
139 46 -1
139 47 -1
139 48 -1
139 49 -1
140 0 1
140 1 -1
140 2 -1
140 3 -1
140 4 -1
140 5 -1
140 6 -1
140 7 -1
140 8 -1
140 9 -1
140 10 -1
140 11 -1
140 12 -1
140 13 -1
140 14 -1
140 15 -1
140 16 -1
140 17 -1
140 18 -1
140 19 -1
140 20 -1
140 21 -1
140 22 -1
140 23 -1
140 24 -1
140 25 -1
140 26 -1
140 27 -1
140 28 -1
140 29 -1
140 30 -1
140 31 -1
140 32 -1
140 33 -1
140 34 -1
140 35 -1
140 36 -1
140 37 -1
140 38 -1
140 39 -1
140 40 -1
140 41 -1
140 42 -1
140 43 -1
140 44 -1
140 45 -1
140 46 -1
140 47 -1
140 48 -1
140 49 -1
141 0 1
141 1 -1
141 2 -1
141 3 -1
141 4 -1
141 5 -1
141 6 -1
141 7 -1
141 8 -1
141 9 -1
141 10 -1
141 11 -1
141 12 -1
141 13 -1
141 14 -1
141 15 -1
141 16 -1
141 17 -1
141 18 -1
141 19 -1
141 20 -1
141 21 -1
141 22 -1
141 23 -1
141 24 -1
141 25 -1
141 26 -1
141 27 -1
141 28 -1
141 29 -1
141 30 -1
141 31 -1
141 32 -1
141 33 -1
141 34 -1
141 35 -1
141 36 -1
141 37 -1
141 38 -1
141 39 -1
141 40 -1
141 41 -1
141 42 -1
141 43 -1
141 44 -1
141 45 -1
141 46 -1
141 47 -1
141 48 -1
141 49 -1
142 0 1
142 1 -1
142 2 -1
142 3 -1
142 4 -1
142 5 -1
142 6 -1
142 7 -1
142 8 -1
142 9 -1
142 10 -1
142 11 -1
142 12 -1
142 13 -1
142 14 -1
142 15 -1
142 16 -1
142 17 -1
142 18 -1
142 19 -1
142 20 -1
142 21 -1
142 22 -1
142 23 -1
142 24 -1
142 25 -1
142 26 -1
142 27 -1
142 28 -1
142 29 -1
142 30 -1
142 31 -1
142 32 -1
142 33 -1
142 34 -1
142 35 -1
142 36 -1
142 37 -1
142 38 -1
142 39 -1
142 40 -1
142 41 -1
142 42 -1
142 43 -1
142 44 -1
142 45 -1
142 46 -1
142 47 -1
142 48 -1
142 49 -1
143 0 -1
143 1 -1
143 2 -1
143 3 -1
143 4 -1
143 5 -1
143 6 -1
143 7 -1
143 8 -1
143 9 -1
143 10 -1
143 11 -1
143 12 -1
143 13 -1
143 14 -1
143 15 -1
143 16 -1
143 17 -1
143 18 -1
143 19 -1
143 20 -1
143 21 -1
143 22 -1
143 23 -1
143 24 -1
143 25 -1
143 26 -1
143 27 -1
143 28 -1
143 29 -1
143 30 -1
143 31 -1
143 32 -1
143 33 -1
143 34 -1
143 35 -1
143 36 -1
143 37 -1
143 38 -1
143 39 -1
143 40 -1
143 41 -1
143 42 -1
143 43 -1
143 44 -1
143 45 -1
143 46 -1
143 47 -1
143 48 -1
143 49 -1
144 0 -1
144 1 -1
144 2 -1
144 3 -1
144 4 -1
144 5 -1
144 6 -1
144 7 -1
144 8 -1
144 9 -1
144 10 -1
144 11 -1
144 12 -1
144 13 -1
144 14 -1
144 15 -1
144 16 -1
144 17 -1
144 18 -1
144 19 -1
144 20 -1
144 21 -1
144 22 -1
144 23 -1
144 24 -1
144 25 -1
144 26 -1
144 27 -1
144 28 -1
144 29 -1
144 30 -1
144 31 -1
144 32 -1
144 33 -1
144 34 -1
144 35 -1
144 36 -1
144 37 -1
144 38 -1
144 39 -1
144 40 -1
144 41 -1
144 42 -1
144 43 -1
144 44 -1
144 45 -1
144 46 -1
144 47 -1
144 48 -1
144 49 -1
145 0 1
145 1 -1
145 2 -1
145 3 -1
145 4 -1
145 5 -1
145 6 -1
145 7 -1
145 8 -1
145 9 -1
145 10 -1
145 11 -1
145 12 -1
145 13 -1
145 14 -1
145 15 -1
145 16 -1
145 17 -1
145 18 -1
145 19 -1
145 20 -1
145 21 -1
145 22 -1
145 23 -1
145 24 -1
145 25 -1
145 26 -1
145 27 -1
145 28 -1
145 29 -1
145 30 -1
145 31 -1
145 32 -1
145 33 -1
145 34 -1
145 35 -1
145 36 -1
145 37 -1
145 38 -1
145 39 -1
145 40 -1
145 41 -1
145 42 -1
145 43 -1
145 44 -1
145 45 -1
145 46 -1
145 47 -1
145 48 -1
145 49 -1
146 0 -1
146 1 -1
146 2 -1
146 3 -1
146 4 -1
146 5 -1
146 6 -1
146 7 -1
146 8 -1
146 9 -1
146 10 -1
146 11 -1
146 12 -1
146 13 -1
146 14 -1
146 15 -1
146 16 -1
146 17 -1
146 18 -1
146 19 -1
146 20 -1
146 21 -1
146 22 -1
146 23 -1
146 24 -1
146 25 -1
146 26 -1
146 27 -1
146 28 -1
146 29 -1
146 30 -1
146 31 -1
146 32 -1
146 33 -1
146 34 -1
146 35 -1
146 36 -1
146 37 -1
146 38 -1
146 39 -1
146 40 -1
146 41 -1
146 42 -1
146 43 -1
146 44 -1
146 45 -1
146 46 -1
146 47 -1
146 48 -1
146 49 -1
147 0 1
147 1 -1
147 2 -1
147 3 -1
147 4 -1
147 5 -1
147 6 -1
147 7 -1
147 8 -1
147 9 -1
147 10 -1
147 11 -1
147 12 -1
147 13 -1
147 14 -1
147 15 -1
147 16 -1
147 17 -1
147 18 -1
147 19 -1
147 20 -1
147 21 -1
147 22 -1
147 23 -1
147 24 -1
147 25 -1
147 26 -1
147 27 -1
147 28 -1
147 29 -1
147 30 -1
147 31 -1
147 32 -1
147 33 -1
147 34 -1
147 35 -1
147 36 -1
147 37 -1
147 38 -1
147 39 -1
147 40 -1
147 41 -1
147 42 -1
147 43 -1
147 44 -1
147 45 -1
147 46 -1
147 47 -1
147 48 -1
147 49 -1
148 0 -1
148 1 -1
148 2 -1
148 3 -1
148 4 -1
148 5 -1
148 6 -1
148 7 -1
148 8 -1
148 9 -1
148 10 -1
148 11 -1
148 12 -1
148 13 -1
148 14 -1
148 15 -1
148 16 -1
148 17 -1
148 18 -1
148 19 -1
148 20 -1
148 21 -1
148 22 -1
148 23 -1
148 24 -1
148 25 -1
148 26 -1
148 27 -1
148 28 -1
148 29 -1
148 30 -1
148 31 -1
148 32 -1
148 33 -1
148 34 -1
148 35 -1
148 36 -1
148 37 -1
148 38 -1
148 39 -1
148 40 -1
148 41 -1
148 42 -1
148 43 -1
148 44 -1
148 45 -1
148 46 -1
148 47 -1
148 48 -1
148 49 -1
149 0 -1
149 1 -1
149 2 -1
149 3 -1
149 4 -1
149 5 -1
149 6 -1
149 7 -1
149 8 -1
149 9 -1
149 10 -1
149 11 -1
149 12 -1
149 13 -1
149 14 -1
149 15 -1
149 16 -1
149 17 -1
149 18 -1
149 19 -1
149 20 -1
149 21 -1
149 22 -1
149 23 -1
149 24 -1
149 25 -1
149 26 -1
149 27 -1
149 28 -1
149 29 -1
149 30 -1
149 31 -1
149 32 -1
149 33 -1
149 34 -1
149 35 -1
149 36 -1
149 37 -1
149 38 -1
149 39 -1
149 40 -1
149 41 -1
149 42 -1
149 43 -1
149 44 -1
149 45 -1
149 46 -1
149 47 -1
149 48 -1
149 49 -1
150 0 1
150 1 1
150 2 -1
150 3 -1
150 4 -1
150 5 -1
150 6 -1
150 7 -1
150 8 -1
150 9 -1
150 10 -1
150 11 -1
150 12 -1
150 13 -1
150 14 -1
150 15 -1
150 16 -1
150 17 -1
150 18 -1
150 19 -1
150 20 -1
150 21 -1
150 22 -1
150 23 -1
150 24 -1
150 25 -1
150 26 -1
150 27 -1
150 28 -1
150 29 -1
150 30 -1
150 31 -1
150 32 -1
150 33 -1
150 34 -1
150 35 -1
150 36 -1
150 37 -1
150 38 -1
150 39 -1
150 40 -1
150 41 -1
150 42 -1
150 43 -1
150 44 -1
150 45 -1
150 46 -1
150 47 -1
150 48 -1
150 49 -1
151 0 -1
151 1 -1
151 2 -1
151 3 -1
151 4 -1
151 5 -1
151 6 -1
151 7 -1
151 8 -1
151 9 -1
151 10 -1
151 11 -1
151 12 -1
151 13 -1
151 14 -1
151 15 -1
151 16 -1
151 17 -1
151 18 -1
151 19 -1
151 20 -1
151 21 -1
151 22 -1
151 23 -1
151 24 -1
151 25 -1
151 26 -1
151 27 -1
151 28 -1
151 29 -1
151 30 -1
151 31 -1
151 32 -1
151 33 -1
151 34 -1
151 35 -1
151 36 -1
151 37 -1
151 38 -1
151 39 -1
151 40 -1
151 41 -1
151 42 -1
151 43 -1
151 44 -1
151 45 -1
151 46 -1
151 47 -1
151 48 -1
151 49 -1
152 0 -1
152 1 1
152 2 -1
152 3 -1
152 4 -1
152 5 -1
152 6 -1
152 7 -1
152 8 -1
152 9 -1
152 10 -1
152 11 -1
152 12 -1
152 13 -1
152 14 -1
152 15 -1
152 16 -1
152 17 -1
152 18 -1
152 19 -1
152 20 -1
152 21 -1
152 22 -1
152 23 -1
152 24 -1
152 25 -1
152 26 -1
152 27 -1
152 28 -1
152 29 -1
152 30 -1
152 31 -1
152 32 -1
152 33 -1
152 34 -1
152 35 -1
152 36 -1
152 37 -1
152 38 -1
152 39 -1
152 40 -1
152 41 -1
152 42 -1
152 43 -1
152 44 -1
152 45 -1
152 46 -1
152 47 -1
152 48 -1
152 49 -1
153 0 1
153 1 -1
153 2 -1
153 3 -1
153 4 -1
153 5 -1
153 6 -1
153 7 -1
153 8 -1
153 9 -1
153 10 -1
153 11 -1
153 12 -1
153 13 -1
153 14 -1
153 15 -1
153 16 -1
153 17 -1
153 18 -1
153 19 -1
153 20 -1
153 21 -1
153 22 -1
153 23 -1
153 24 -1
153 25 -1
153 26 -1
153 27 -1
153 28 -1
153 29 -1
153 30 -1
153 31 -1
153 32 -1
153 33 -1
153 34 -1
153 35 -1
153 36 -1
153 37 -1
153 38 -1
153 39 -1
153 40 -1
153 41 -1
153 42 -1
153 43 -1
153 44 -1
153 45 -1
153 46 -1
153 47 -1
153 48 -1
153 49 -1
154 0 -1
154 1 -1
154 2 -1
154 3 -1
154 4 -1
154 5 -1
154 6 -1
154 7 -1
154 8 -1
154 9 -1
154 10 -1
154 11 -1
154 12 -1
154 13 -1
154 14 -1
154 15 -1
154 16 -1
154 17 -1
154 18 -1
154 19 -1
154 20 -1
154 21 -1
154 22 -1
154 23 -1
154 24 -1
154 25 -1
154 26 -1
154 27 -1
154 28 -1
154 29 -1
154 30 -1
154 31 -1
154 32 -1
154 33 -1
154 34 -1
154 35 -1
154 36 -1
154 37 -1
154 38 -1
154 39 -1
154 40 -1
154 41 -1
154 42 -1
154 43 -1
154 44 -1
154 45 -1
154 46 -1
154 47 -1
154 48 -1
154 49 -1
155 0 1
155 1 -1
155 2 -1
155 3 -1
155 4 -1
155 5 -1
155 6 -1
155 7 -1
155 8 -1
155 9 -1
155 10 -1
155 11 -1
155 12 -1
155 13 -1
155 14 -1
155 15 -1
155 16 -1
155 17 -1
155 18 -1
155 19 -1
155 20 -1
155 21 -1
155 22 -1
155 23 -1
155 24 -1
155 25 -1
155 26 -1
155 27 -1
155 28 -1
155 29 -1
155 30 -1
155 31 -1
155 32 -1
155 33 -1
155 34 -1
155 35 -1
155 36 -1
155 37 -1
155 38 -1
155 39 -1
155 40 -1
155 41 -1
155 42 -1
155 43 -1
155 44 -1
155 45 -1
155 46 -1
155 47 -1
155 48 -1
155 49 -1
156 0 -1
156 1 -1
156 2 -1
156 3 -1
156 4 -1
156 5 -1
156 6 -1
156 7 -1
156 8 -1
156 9 -1
156 10 -1
156 11 -1
156 12 -1
156 13 -1
156 14 -1
156 15 -1
156 16 -1
156 17 -1
156 18 -1
156 19 -1
156 20 -1
156 21 -1
156 22 -1
156 23 -1
156 24 -1
156 25 -1
156 26 -1
156 27 -1
156 28 -1
156 29 -1
156 30 -1
156 31 -1
156 32 -1
156 33 -1
156 34 -1
156 35 -1
156 36 -1
156 37 -1
156 38 -1
156 39 -1
156 40 -1
156 41 -1
156 42 -1
156 43 -1
156 44 -1
156 45 -1
156 46 -1
156 47 -1
156 48 -1
156 49 -1
157 0 1
157 1 1
157 2 -1
157 3 -1
157 4 -1
157 5 -1
157 6 -1
157 7 -1
157 8 -1
157 9 -1
157 10 -1
157 11 -1
157 12 -1
157 13 -1
157 14 -1
157 15 -1
157 16 -1
157 17 -1
157 18 -1
157 19 -1
157 20 -1
157 21 -1
157 22 -1
157 23 -1
157 24 -1
157 25 -1
157 26 -1
157 27 -1
157 28 -1
157 29 -1
157 30 -1
157 31 -1
157 32 -1
157 33 -1
157 34 -1
157 35 -1
157 36 -1
157 37 -1
157 38 -1
157 39 -1
157 40 -1
157 41 -1
157 42 -1
157 43 -1
157 44 -1
157 45 -1
157 46 -1
157 47 -1
157 48 -1
157 49 -1
158 0 1
158 1 -1
158 2 -1
158 3 -1
158 4 -1
158 5 -1
158 6 -1
158 7 -1
158 8 -1
158 9 -1
158 10 -1
158 11 -1
158 12 -1
158 13 -1
158 14 -1
158 15 -1
158 16 -1
158 17 -1
158 18 -1
158 19 -1
158 20 -1
158 21 -1
158 22 -1
158 23 -1
158 24 -1
158 25 -1
158 26 -1
158 27 -1
158 28 -1
158 29 -1
158 30 -1
158 31 -1
158 32 -1
158 33 -1
158 34 -1
158 35 -1
158 36 -1
158 37 -1
158 38 -1
158 39 -1
158 40 -1
158 41 -1
158 42 -1
158 43 -1
158 44 -1
158 45 -1
158 46 -1
158 47 -1
158 48 -1
158 49 -1
159 0 1
159 1 -1
159 2 -1
159 3 -1
159 4 -1
159 5 -1
159 6 -1
159 7 -1
159 8 -1
159 9 -1
159 10 -1
159 11 -1
159 12 -1
159 13 -1
159 14 -1
159 15 -1
159 16 -1
159 17 -1
159 18 -1
159 19 -1
159 20 -1
159 21 -1
159 22 -1
159 23 -1
159 24 -1
159 25 -1
159 26 -1
159 27 -1
159 28 -1
159 29 -1
159 30 -1
159 31 -1
159 32 -1
159 33 -1
159 34 -1
159 35 -1
159 36 -1
159 37 -1
159 38 -1
159 39 -1
159 40 -1
159 41 -1
159 42 -1
159 43 -1
159 44 -1
159 45 -1
159 46 -1
159 47 -1
159 48 -1
159 49 -1
160 0 -1
160 1 -1
160 2 -1
160 3 -1
160 4 -1
160 5 -1
160 6 -1
160 7 -1
160 8 -1
160 9 -1
160 10 -1
160 11 -1
160 12 -1
160 13 -1
160 14 -1
160 15 -1
160 16 -1
160 17 -1
160 18 -1
160 19 -1
160 20 -1
160 21 -1
160 22 -1
160 23 -1
160 24 -1
160 25 -1
160 26 -1
160 27 -1
160 28 -1
160 29 -1
160 30 -1
160 31 -1
160 32 -1
160 33 -1
160 34 -1
160 35 -1
160 36 -1
160 37 -1
160 38 -1
160 39 -1
160 40 -1
160 41 -1
160 42 -1
160 43 -1
160 44 -1
160 45 -1
160 46 -1
160 47 -1
160 48 -1
160 49 -1
161 0 -1
161 1 -1
161 2 -1
161 3 -1
161 4 -1
161 5 -1
161 6 -1
161 7 -1
161 8 -1
161 9 -1
161 10 -1
161 11 -1
161 12 -1
161 13 -1
161 14 -1
161 15 -1
161 16 -1
161 17 -1
161 18 -1
161 19 -1
161 20 -1
161 21 -1
161 22 -1
161 23 -1
161 24 -1
161 25 -1
161 26 -1
161 27 -1
161 28 -1
161 29 -1
161 30 -1
161 31 -1
161 32 -1
161 33 -1
161 34 -1
161 35 -1
161 36 -1
161 37 -1
161 38 -1
161 39 -1
161 40 -1
161 41 -1
161 42 -1
161 43 -1
161 44 -1
161 45 -1
161 46 -1
161 47 -1
161 48 -1
161 49 -1
162 0 -1
162 1 1
162 2 -1
162 3 -1
162 4 -1
162 5 -1
162 6 -1
162 7 -1
162 8 -1
162 9 -1
162 10 -1
162 11 -1
162 12 -1
162 13 -1
162 14 -1
162 15 -1
162 16 -1
162 17 -1
162 18 -1
162 19 -1
162 20 -1
162 21 -1
162 22 -1
162 23 -1
162 24 -1
162 25 -1
162 26 -1
162 27 -1
162 28 -1
162 29 -1
162 30 -1
162 31 -1
162 32 -1
162 33 -1
162 34 -1
162 35 -1
162 36 -1
162 37 -1
162 38 -1
162 39 -1
162 40 -1
162 41 -1
162 42 -1
162 43 -1
162 44 -1
162 45 -1
162 46 -1
162 47 -1
162 48 -1
162 49 -1
163 0 1
163 1 -1
163 2 -1
163 3 -1
163 4 -1
163 5 -1
163 6 -1
163 7 -1
163 8 -1
163 9 -1
163 10 -1
163 11 -1
163 12 -1
163 13 -1
163 14 -1
163 15 -1
163 16 -1
163 17 -1
163 18 -1
163 19 -1
163 20 -1
163 21 -1
163 22 -1
163 23 -1
163 24 -1
163 25 -1
163 26 -1
163 27 -1
163 28 -1
163 29 -1
163 30 -1
163 31 -1
163 32 -1
163 33 -1
163 34 -1
163 35 -1
163 36 -1
163 37 -1
163 38 -1
163 39 -1
163 40 -1
163 41 -1
163 42 -1
163 43 -1
163 44 -1
163 45 -1
163 46 -1
163 47 -1
163 48 -1
163 49 -1
164 0 -1
164 1 -1
164 2 -1
164 3 -1
164 4 -1
164 5 -1
164 6 -1
164 7 -1
164 8 -1
164 9 -1
164 10 -1
164 11 -1
164 12 -1
164 13 -1
164 14 -1
164 15 -1
164 16 -1
164 17 -1
164 18 -1
164 19 -1
164 20 -1
164 21 -1
164 22 -1
164 23 -1
164 24 -1
164 25 -1
164 26 -1
164 27 -1
164 28 -1
164 29 -1
164 30 -1
164 31 -1
164 32 -1
164 33 -1
164 34 -1
164 35 -1
164 36 -1
164 37 -1
164 38 -1
164 39 -1
164 40 -1
164 41 -1
164 42 -1
164 43 -1
164 44 -1
164 45 -1
164 46 -1
164 47 -1
164 48 -1
164 49 -1
165 0 -1
165 1 -1
165 2 -1
165 3 -1
165 4 -1
165 5 -1
165 6 -1
165 7 -1
165 8 -1
165 9 -1
165 10 -1
165 11 -1
165 12 -1
165 13 -1
165 14 -1
165 15 -1
165 16 -1
165 17 -1
165 18 -1
165 19 -1
165 20 -1
165 21 -1
165 22 -1
165 23 -1
165 24 -1
165 25 -1
165 26 -1
165 27 -1
165 28 -1
165 29 -1
165 30 -1
165 31 -1
165 32 -1
165 33 -1
165 34 -1
165 35 -1
165 36 -1
165 37 -1
165 38 -1
165 39 -1
165 40 -1
165 41 -1
165 42 -1
165 43 -1
165 44 -1
165 45 -1
165 46 -1
165 47 -1
165 48 -1
165 49 -1
166 0 1
166 1 -1
166 2 -1
166 3 -1
166 4 -1
166 5 -1
166 6 -1
166 7 -1
166 8 -1
166 9 -1
166 10 -1
166 11 -1
166 12 -1
166 13 -1
166 14 -1
166 15 -1
166 16 -1
166 17 -1
166 18 -1
166 19 -1
166 20 -1
166 21 -1
166 22 -1
166 23 -1
166 24 -1
166 25 -1
166 26 -1
166 27 -1
166 28 -1
166 29 -1
166 30 -1
166 31 -1
166 32 -1
166 33 -1
166 34 -1
166 35 -1
166 36 -1
166 37 -1
166 38 -1
166 39 -1
166 40 -1
166 41 -1
166 42 -1
166 43 -1
166 44 -1
166 45 -1
166 46 -1
166 47 -1
166 48 -1
166 49 -1
167 0 1
167 1 -1
167 2 -1
167 3 -1
167 4 -1
167 5 -1
167 6 -1
167 7 -1
167 8 -1
167 9 -1
167 10 -1
167 11 -1
167 12 -1
167 13 -1
167 14 -1
167 15 -1
167 16 -1
167 17 -1
167 18 -1
167 19 -1
167 20 -1
167 21 -1
167 22 -1
167 23 -1
167 24 -1
167 25 -1
167 26 -1
167 27 -1
167 28 -1
167 29 -1
167 30 -1
167 31 -1
167 32 -1
167 33 -1
167 34 -1
167 35 -1
167 36 -1
167 37 -1
167 38 -1
167 39 -1
167 40 -1
167 41 -1
167 42 -1
167 43 -1
167 44 -1
167 45 -1
167 46 -1
167 47 -1
167 48 -1
167 49 -1
168 0 -1
168 1 -1
168 2 -1
168 3 -1
168 4 -1
168 5 -1
168 6 -1
168 7 -1
168 8 -1
168 9 -1
168 10 -1
168 11 -1
168 12 -1
168 13 -1
168 14 -1
168 15 -1
168 16 -1
168 17 -1
168 18 -1
168 19 -1
168 20 -1
168 21 -1
168 22 -1
168 23 -1
168 24 -1
168 25 -1
168 26 -1
168 27 -1
168 28 -1
168 29 -1
168 30 -1
168 31 -1
168 32 -1
168 33 -1
168 34 -1
168 35 -1
168 36 -1
168 37 -1
168 38 -1
168 39 -1
168 40 -1
168 41 -1
168 42 -1
168 43 -1
168 44 -1
168 45 -1
168 46 -1
168 47 -1
168 48 -1
168 49 -1
169 0 -1
169 1 -1
169 2 -1
169 3 -1
169 4 -1
169 5 -1
169 6 -1
169 7 -1
169 8 -1
169 9 -1
169 10 -1
169 11 -1
169 12 -1
169 13 -1
169 14 -1
169 15 -1
169 16 -1
169 17 -1
169 18 -1
169 19 -1
169 20 -1
169 21 -1
169 22 -1
169 23 -1
169 24 -1
169 25 -1
169 26 -1
169 27 -1
169 28 -1
169 29 -1
169 30 -1
169 31 -1
169 32 -1
169 33 -1
169 34 -1
169 35 -1
169 36 -1
169 37 -1
169 38 -1
169 39 -1
169 40 -1
169 41 -1
169 42 -1
169 43 -1
169 44 -1
169 45 -1
169 46 -1
169 47 -1
169 48 -1
169 49 -1
170 0 1
170 1 -1
170 2 -1
170 3 -1
170 4 -1
170 5 -1
170 6 -1
170 7 -1
170 8 -1
170 9 -1
170 10 -1
170 11 -1
170 12 -1
170 13 -1
170 14 -1
170 15 -1
170 16 -1
170 17 -1
170 18 -1
170 19 -1
170 20 -1
170 21 -1
170 22 -1
170 23 -1
170 24 -1
170 25 -1
170 26 -1
170 27 -1
170 28 -1
170 29 -1
170 30 -1
170 31 -1
170 32 -1
170 33 -1
170 34 -1
170 35 -1
170 36 -1
170 37 -1
170 38 -1
170 39 -1
170 40 -1
170 41 -1
170 42 -1
170 43 -1
170 44 -1
170 45 -1
170 46 -1
170 47 -1
170 48 -1
170 49 -1
171 0 1
171 1 -1
171 2 -1
171 3 -1
171 4 -1
171 5 -1
171 6 -1
171 7 -1
171 8 -1
171 9 -1
171 10 -1
171 11 -1
171 12 -1
171 13 -1
171 14 -1
171 15 -1
171 16 -1
171 17 -1
171 18 -1
171 19 -1
171 20 -1
171 21 -1
171 22 -1
171 23 -1
171 24 -1
171 25 -1
171 26 -1
171 27 -1
171 28 -1
171 29 -1
171 30 -1
171 31 -1
171 32 -1
171 33 -1
171 34 -1
171 35 -1
171 36 -1
171 37 -1
171 38 -1
171 39 -1
171 40 -1
171 41 -1
171 42 -1
171 43 -1
171 44 -1
171 45 -1
171 46 -1
171 47 -1
171 48 -1
171 49 -1
172 0 1
172 1 -1
172 2 -1
172 3 -1
172 4 -1
172 5 -1
172 6 -1
172 7 -1
172 8 -1
172 9 -1
172 10 -1
172 11 -1
172 12 -1
172 13 -1
172 14 -1
172 15 -1
172 16 -1
172 17 -1
172 18 -1
172 19 -1
172 20 -1
172 21 -1
172 22 -1
172 23 -1
172 24 -1
172 25 -1
172 26 -1
172 27 -1
172 28 -1
172 29 -1
172 30 -1
172 31 -1
172 32 -1
172 33 -1
172 34 -1
172 35 -1
172 36 -1
172 37 -1
172 38 -1
172 39 -1
172 40 -1
172 41 -1
172 42 -1
172 43 -1
172 44 -1
172 45 -1
172 46 -1
172 47 -1
172 48 -1
172 49 -1
173 0 -1
173 1 -1
173 2 -1
173 3 -1
173 4 -1
173 5 -1
173 6 -1
173 7 -1
173 8 -1
173 9 -1
173 10 -1
173 11 -1
173 12 -1
173 13 -1
173 14 -1
173 15 -1
173 16 -1
173 17 -1
173 18 -1
173 19 -1
173 20 -1
173 21 -1
173 22 -1
173 23 -1
173 24 -1
173 25 -1
173 26 -1
173 27 -1
173 28 -1
173 29 -1
173 30 -1
173 31 -1
173 32 -1
173 33 -1
173 34 -1
173 35 -1
173 36 -1
173 37 -1
173 38 -1
173 39 -1
173 40 -1
173 41 -1
173 42 -1
173 43 -1
173 44 -1
173 45 -1
173 46 -1
173 47 -1
173 48 -1
173 49 -1
174 0 1
174 1 -1
174 2 -1
174 3 -1
174 4 -1
174 5 -1
174 6 -1
174 7 -1
174 8 -1
174 9 -1
174 10 -1
174 11 -1
174 12 -1
174 13 -1
174 14 -1
174 15 -1
174 16 -1
174 17 -1
174 18 -1
174 19 -1
174 20 -1
174 21 -1
174 22 -1
174 23 -1
174 24 -1
174 25 -1
174 26 -1
174 27 -1
174 28 -1
174 29 -1
174 30 -1
174 31 -1
174 32 -1
174 33 -1
174 34 -1
174 35 -1
174 36 -1
174 37 -1
174 38 -1
174 39 -1
174 40 -1
174 41 -1
174 42 -1
174 43 -1
174 44 -1
174 45 -1
174 46 -1
174 47 -1
174 48 -1
174 49 -1
175 0 -1
175 1 -1
175 2 -1
175 3 -1
175 4 -1
175 5 -1
175 6 -1
175 7 -1
175 8 -1
175 9 -1
175 10 -1
175 11 -1
175 12 -1
175 13 -1
175 14 -1
175 15 -1
175 16 -1
175 17 -1
175 18 -1
175 19 -1
175 20 -1
175 21 -1
175 22 -1
175 23 -1
175 24 -1
175 25 -1
175 26 -1
175 27 -1
175 28 -1
175 29 -1
175 30 -1
175 31 -1
175 32 -1
175 33 -1
175 34 -1
175 35 -1
175 36 -1
175 37 -1
175 38 -1
175 39 -1
175 40 -1
175 41 -1
175 42 -1
175 43 -1
175 44 -1
175 45 -1
175 46 -1
175 47 -1
175 48 -1
175 49 -1
176 0 1
176 1 -1
176 2 -1
176 3 -1
176 4 -1
176 5 -1
176 6 -1
176 7 -1
176 8 -1
176 9 -1
176 10 -1
176 11 -1
176 12 -1
176 13 -1
176 14 -1
176 15 -1
176 16 -1
176 17 -1
176 18 -1
176 19 -1
176 20 -1
176 21 -1
176 22 -1
176 23 -1
176 24 -1
176 25 -1
176 26 -1
176 27 -1
176 28 -1
176 29 -1
176 30 -1
176 31 -1
176 32 -1
176 33 -1
176 34 -1
176 35 -1
176 36 -1
176 37 -1
176 38 -1
176 39 -1
176 40 -1
176 41 -1
176 42 -1
176 43 -1
176 44 -1
176 45 -1
176 46 -1
176 47 -1
176 48 -1
176 49 -1
177 0 -1
177 1 -1
177 2 -1
177 3 -1
177 4 -1
177 5 -1
177 6 -1
177 7 -1
177 8 -1
177 9 -1
177 10 -1
177 11 -1
177 12 -1
177 13 -1
177 14 -1
177 15 -1
177 16 -1
177 17 -1
177 18 -1
177 19 -1
177 20 -1
177 21 -1
177 22 -1
177 23 -1
177 24 -1
177 25 -1
177 26 -1
177 27 -1
177 28 -1
177 29 -1
177 30 -1
177 31 -1
177 32 -1
177 33 -1
177 34 -1
177 35 -1
177 36 -1
177 37 -1
177 38 -1
177 39 -1
177 40 -1
177 41 -1
177 42 -1
177 43 -1
177 44 -1
177 45 -1
177 46 -1
177 47 -1
177 48 -1
177 49 -1
178 0 -1
178 1 -1
178 2 -1
178 3 -1
178 4 -1
178 5 -1
178 6 -1
178 7 -1
178 8 -1
178 9 -1
178 10 -1
178 11 -1
178 12 -1
178 13 -1
178 14 -1
178 15 -1
178 16 -1
178 17 -1
178 18 -1
178 19 -1
178 20 -1
178 21 -1
178 22 -1
178 23 -1
178 24 -1
178 25 -1
178 26 -1
178 27 -1
178 28 -1
178 29 -1
178 30 -1
178 31 -1
178 32 -1
178 33 -1
178 34 -1
178 35 -1
178 36 -1
178 37 -1
178 38 -1
178 39 -1
178 40 -1
178 41 -1
178 42 -1
178 43 -1
178 44 -1
178 45 -1
178 46 -1
178 47 -1
178 48 -1
178 49 -1
179 0 1
179 1 -1
179 2 -1
179 3 -1
179 4 -1
179 5 -1
179 6 -1
179 7 -1
179 8 -1
179 9 -1
179 10 -1
179 11 -1
179 12 -1
179 13 -1
179 14 -1
179 15 -1
179 16 -1
179 17 -1
179 18 -1
179 19 -1
179 20 -1
179 21 -1
179 22 -1
179 23 -1
179 24 -1
179 25 -1
179 26 -1
179 27 -1
179 28 -1
179 29 -1
179 30 -1
179 31 -1
179 32 -1
179 33 -1
179 34 -1
179 35 -1
179 36 -1
179 37 -1
179 38 -1
179 39 -1
179 40 -1
179 41 -1
179 42 -1
179 43 -1
179 44 -1
179 45 -1
179 46 -1
179 47 -1
179 48 -1
179 49 -1
180 0 -1
180 1 -1
180 2 -1
180 3 -1
180 4 -1
180 5 -1
180 6 -1
180 7 -1
180 8 -1
180 9 -1
180 10 -1
180 11 -1
180 12 -1
180 13 -1
180 14 -1
180 15 -1
180 16 -1
180 17 -1
180 18 -1
180 19 -1
180 20 -1
180 21 -1
180 22 -1
180 23 -1
180 24 -1
180 25 -1
180 26 -1
180 27 -1
180 28 -1
180 29 -1
180 30 -1
180 31 -1
180 32 -1
180 33 -1
180 34 -1
180 35 -1
180 36 -1
180 37 -1
180 38 -1
180 39 -1
180 40 -1
180 41 -1
180 42 -1
180 43 -1
180 44 -1
180 45 -1
180 46 -1
180 47 -1
180 48 -1
180 49 -1
181 0 1
181 1 -1
181 2 -1
181 3 -1
181 4 -1
181 5 -1
181 6 -1
181 7 -1
181 8 -1
181 9 -1
181 10 -1
181 11 -1
181 12 -1
181 13 -1
181 14 -1
181 15 -1
181 16 -1
181 17 -1
181 18 -1
181 19 -1
181 20 -1
181 21 -1
181 22 -1
181 23 -1
181 24 -1
181 25 -1
181 26 -1
181 27 -1
181 28 -1
181 29 -1
181 30 -1
181 31 -1
181 32 -1
181 33 -1
181 34 -1
181 35 -1
181 36 -1
181 37 -1
181 38 -1
181 39 -1
181 40 -1
181 41 -1
181 42 -1
181 43 -1
181 44 -1
181 45 -1
181 46 -1
181 47 -1
181 48 -1
181 49 -1
182 0 -1
182 1 -1
182 2 -1
182 3 -1
182 4 -1
182 5 -1
182 6 -1
182 7 -1
182 8 -1
182 9 -1
182 10 -1
182 11 -1
182 12 -1
182 13 -1
182 14 -1
182 15 -1
182 16 -1
182 17 -1
182 18 -1
182 19 -1
182 20 -1
182 21 -1
182 22 -1
182 23 -1
182 24 -1
182 25 -1
182 26 -1
182 27 -1
182 28 -1
182 29 -1
182 30 -1
182 31 -1
182 32 -1
182 33 -1
182 34 -1
182 35 -1
182 36 -1
182 37 -1
182 38 -1
182 39 -1
182 40 -1
182 41 -1
182 42 -1
182 43 -1
182 44 -1
182 45 -1
182 46 -1
182 47 -1
182 48 -1
182 49 -1
183 0 -1
183 1 -1
183 2 -1
183 3 -1
183 4 -1
183 5 -1
183 6 -1
183 7 -1
183 8 -1
183 9 -1
183 10 -1
183 11 -1
183 12 -1
183 13 -1
183 14 -1
183 15 -1
183 16 -1
183 17 -1
183 18 -1
183 19 -1
183 20 -1
183 21 -1
183 22 -1
183 23 -1
183 24 -1
183 25 -1
183 26 -1
183 27 -1
183 28 -1
183 29 -1
183 30 -1
183 31 -1
183 32 -1
183 33 -1
183 34 -1
183 35 -1
183 36 -1
183 37 -1
183 38 -1
183 39 -1
183 40 -1
183 41 -1
183 42 -1
183 43 -1
183 44 -1
183 45 -1
183 46 -1
183 47 -1
183 48 -1
183 49 -1
184 0 1
184 1 -1
184 2 -1
184 3 -1
184 4 -1
184 5 -1
184 6 -1
184 7 -1
184 8 -1
184 9 -1
184 10 -1
184 11 -1
184 12 -1
184 13 -1
184 14 -1
184 15 -1
184 16 -1
184 17 -1
184 18 -1
184 19 -1
184 20 -1
184 21 -1
184 22 -1
184 23 -1
184 24 -1
184 25 -1
184 26 -1
184 27 -1
184 28 -1
184 29 -1
184 30 -1
184 31 -1
184 32 -1
184 33 -1
184 34 -1
184 35 -1
184 36 -1
184 37 -1
184 38 -1
184 39 -1
184 40 -1
184 41 -1
184 42 -1
184 43 -1
184 44 -1
184 45 -1
184 46 -1
184 47 -1
184 48 -1
184 49 -1
185 0 -1
185 1 -1
185 2 -1
185 3 -1
185 4 -1
185 5 -1
185 6 -1
185 7 -1
185 8 -1
185 9 -1
185 10 -1
185 11 -1
185 12 -1
185 13 -1
185 14 -1
185 15 -1
185 16 -1
185 17 -1
185 18 -1
185 19 -1
185 20 -1
185 21 -1
185 22 -1
185 23 -1
185 24 -1
185 25 -1
185 26 -1
185 27 -1
185 28 -1
185 29 -1
185 30 -1
185 31 -1
185 32 -1
185 33 -1
185 34 -1
185 35 -1
185 36 -1
185 37 -1
185 38 -1
185 39 -1
185 40 -1
185 41 -1
185 42 -1
185 43 -1
185 44 -1
185 45 -1
185 46 -1
185 47 -1
185 48 -1
185 49 -1
186 0 1
186 1 -1
186 2 -1
186 3 -1
186 4 -1
186 5 -1
186 6 -1
186 7 -1
186 8 -1
186 9 -1
186 10 -1
186 11 -1
186 12 -1
186 13 -1
186 14 -1
186 15 -1
186 16 -1
186 17 -1
186 18 -1
186 19 -1
186 20 -1
186 21 -1
186 22 -1
186 23 -1
186 24 -1
186 25 -1
186 26 -1
186 27 -1
186 28 -1
186 29 -1
186 30 -1
186 31 -1
186 32 -1
186 33 -1
186 34 -1
186 35 -1
186 36 -1
186 37 -1
186 38 -1
186 39 -1
186 40 -1
186 41 -1
186 42 -1
186 43 -1
186 44 -1
186 45 -1
186 46 -1
186 47 -1
186 48 -1
186 49 -1
187 0 -1
187 1 -1
187 2 -1
187 3 -1
187 4 -1
187 5 -1
187 6 -1
187 7 -1
187 8 -1
187 9 -1
187 10 -1
187 11 -1
187 12 -1
187 13 -1
187 14 -1
187 15 -1
187 16 -1
187 17 -1
187 18 -1
187 19 -1
187 20 -1
187 21 -1
187 22 -1
187 23 -1
187 24 -1
187 25 -1
187 26 -1
187 27 -1
187 28 -1
187 29 -1
187 30 -1
187 31 -1
187 32 -1
187 33 -1
187 34 -1
187 35 -1
187 36 -1
187 37 -1
187 38 -1
187 39 -1
187 40 -1
187 41 -1
187 42 -1
187 43 -1
187 44 -1
187 45 -1
187 46 -1
187 47 -1
187 48 -1
187 49 -1
188 0 -1
188 1 -1
188 2 -1
188 3 -1
188 4 -1
188 5 -1
188 6 -1
188 7 -1
188 8 -1
188 9 -1
188 10 -1
188 11 -1
188 12 -1
188 13 -1
188 14 -1
188 15 -1
188 16 -1
188 17 -1
188 18 -1
188 19 -1
188 20 -1
188 21 -1
188 22 -1
188 23 -1
188 24 -1
188 25 -1
188 26 -1
188 27 -1
188 28 -1
188 29 -1
188 30 -1
188 31 -1
188 32 -1
188 33 -1
188 34 -1
188 35 -1
188 36 -1
188 37 -1
188 38 -1
188 39 -1
188 40 -1
188 41 -1
188 42 -1
188 43 -1
188 44 -1
188 45 -1
188 46 -1
188 47 -1
188 48 -1
188 49 -1
189 0 -1
189 1 -1
189 2 1
189 3 -1
189 4 1
189 5 -1
189 6 1
189 7 -1
189 8 1
189 9 -1
189 10 1
189 11 -1
189 12 1
189 13 -1
189 14 1
189 15 -1
189 16 1
189 17 -1
189 18 1
189 19 -1
189 20 1
189 21 -1
189 22 1
189 23 -1
189 24 1
189 25 -1
189 26 1
189 27 -1
189 28 1
189 29 -1
189 30 1
189 31 -1
189 32 1
189 33 -1
189 34 1
189 35 -1
189 36 1
189 37 -1
189 38 1
189 39 -1
189 40 1
189 41 -1
189 42 1
189 43 -1
189 44 1
189 45 -1
189 46 1
189 47 -1
189 48 1
189 49 -1
190 0 -1
190 1 -1
190 2 1
190 3 -1
190 4 1
190 5 -1
190 6 1
190 7 -1
190 8 1
190 9 -1
190 10 1
190 11 -1
190 12 1
190 13 -1
190 14 1
190 15 -1
190 16 1
190 17 -1
190 18 1
190 19 -1
190 20 1
190 21 -1
190 22 1
190 23 -1
190 24 1
190 25 -1
190 26 1
190 27 -1
190 28 1
190 29 -1
190 30 1
190 31 -1
190 32 1
190 33 -1
190 34 1
190 35 -1
190 36 1
190 37 -1
190 38 1
190 39 -1
190 40 1
190 41 -1
190 42 1
190 43 -1
190 44 1
190 45 -1
190 46 1
190 47 -1
190 48 1
190 49 -1
191 0 -1
191 1 -1
191 2 1
191 3 -1
191 4 1
191 5 -1
191 6 1
191 7 -1
191 8 1
191 9 -1
191 10 1
191 11 -1
191 12 1
191 13 -1
191 14 1
191 15 -1
191 16 1
191 17 -1
191 18 1
191 19 -1
191 20 1
191 21 -1
191 22 1
191 23 -1
191 24 1
191 25 -1
191 26 1
191 27 -1
191 28 1
191 29 -1
191 30 1
191 31 -1
191 32 1
191 33 -1
191 34 1
191 35 -1
191 36 1
191 37 -1
191 38 1
191 39 -1
191 40 1
191 41 -1
191 42 1
191 43 -1
191 44 1
191 45 -1
191 46 1
191 47 -1
191 48 1
191 49 -1
192 0 -1
192 1 -1
192 2 1
192 3 -1
192 4 1
192 5 -1
192 6 1
192 7 -1
192 8 1
192 9 -1
192 10 1
192 11 -1
192 12 1
192 13 -1
192 14 1
192 15 -1
192 16 1
192 17 -1
192 18 1
192 19 -1
192 20 1
192 21 -1
192 22 1
192 23 -1
192 24 1
192 25 -1
192 26 1
192 27 -1
192 28 1
192 29 -1
192 30 1
192 31 -1
192 32 1
192 33 -1
192 34 1
192 35 -1
192 36 1
192 37 -1
192 38 1
192 39 -1
192 40 1
192 41 -1
192 42 1
192 43 -1
192 44 1
192 45 -1
192 46 1
192 47 -1
192 48 1
192 49 -1
193 0 -1
193 1 -1
193 2 -1
193 3 -1
193 4 -1
193 5 -1
193 6 -1
193 7 -1
193 8 -1
193 9 -1
193 10 -1
193 11 -1
193 12 -1
193 13 -1
193 14 -1
193 15 -1
193 16 -1
193 17 -1
193 18 -1
193 19 -1
193 20 -1
193 21 -1
193 22 -1
193 23 -1
193 24 -1
193 25 -1
193 26 -1
193 27 -1
193 28 -1
193 29 -1
193 30 -1
193 31 -1
193 32 -1
193 33 -1
193 34 -1
193 35 -1
193 36 -1
193 37 -1
193 38 -1
193 39 -1
193 40 -1
193 41 -1
193 42 -1
193 43 -1
193 44 -1
193 45 -1
193 46 -1
193 47 -1
193 48 -1
193 49 -1
194 0 -1
194 1 1
194 2 -1
194 3 1
194 4 -1
194 5 1
194 6 -1
194 7 1
194 8 -1
194 9 1
194 10 -1
194 11 1
194 12 -1
194 13 1
194 14 -1
194 15 1
194 16 -1
194 17 1
194 18 -1
194 19 1
194 20 -1
194 21 1
194 22 -1
194 23 1
194 24 -1
194 25 1
194 26 -1
194 27 1
194 28 -1
194 29 1
194 30 -1
194 31 1
194 32 -1
194 33 1
194 34 -1
194 35 1
194 36 -1
194 37 1
194 38 -1
194 39 1
194 40 -1
194 41 1
194 42 -1
194 43 1
194 44 -1
194 45 1
194 46 -1
194 47 1
194 48 -1
194 49 1
195 0 1
195 1 -1
195 2 -1
195 3 -1
195 4 -1
195 5 -1
195 6 -1
195 7 -1
195 8 -1
195 9 -1
195 10 -1
195 11 -1
195 12 -1
195 13 -1
195 14 -1
195 15 -1
195 16 -1
195 17 -1
195 18 -1
195 19 -1
195 20 -1
195 21 -1
195 22 -1
195 23 -1
195 24 -1
195 25 -1
195 26 -1
195 27 -1
195 28 -1
195 29 -1
195 30 -1
195 31 -1
195 32 -1
195 33 -1
195 34 -1
195 35 -1
195 36 -1
195 37 -1
195 38 -1
195 39 -1
195 40 -1
195 41 -1
195 42 -1
195 43 -1
195 44 -1
195 45 -1
195 46 -1
195 47 -1
195 48 -1
195 49 -1
196 0 -1
196 1 -1
196 2 -1
196 3 -1
196 4 -1
196 5 -1
196 6 -1
196 7 -1
196 8 -1
196 9 -1
196 10 -1
196 11 -1
196 12 -1
196 13 -1
196 14 -1
196 15 -1
196 16 -1
196 17 -1
196 18 -1
196 19 -1
196 20 -1
196 21 -1
196 22 -1
196 23 -1
196 24 -1
196 25 -1
196 26 -1
196 27 -1
196 28 -1
196 29 -1
196 30 -1
196 31 -1
196 32 -1
196 33 -1
196 34 -1
196 35 -1
196 36 -1
196 37 -1
196 38 -1
196 39 -1
196 40 -1
196 41 -1
196 42 -1
196 43 -1
196 44 -1
196 45 -1
196 46 -1
196 47 -1
196 48 -1
196 49 -1
197 0 -1
197 1 1
197 2 -1
197 3 1
197 4 -1
197 5 1
197 6 -1
197 7 1
197 8 -1
197 9 1
197 10 -1
197 11 1
197 12 -1
197 13 1
197 14 -1
197 15 1
197 16 -1
197 17 1
197 18 -1
197 19 1
197 20 -1
197 21 1
197 22 -1
197 23 1
197 24 -1
197 25 1
197 26 -1
197 27 1
197 28 -1
197 29 1
197 30 -1
197 31 1
197 32 -1
197 33 1
197 34 -1
197 35 1
197 36 -1
197 37 1
197 38 -1
197 39 1
197 40 -1
197 41 1
197 42 -1
197 43 1
197 44 -1
197 45 1
197 46 -1
197 47 1
197 48 -1
197 49 1
198 0 1
198 1 1
198 2 1
198 3 1
198 4 1
198 5 1
198 6 1
198 7 1
198 8 1
198 9 1
198 10 1
198 11 1
198 12 1
198 13 1
198 14 1
198 15 1
198 16 1
198 17 1
198 18 1
198 19 1
198 20 1
198 21 1
198 22 1
198 23 1
198 24 1
198 25 1
198 26 1
198 27 1
198 28 1
198 29 1
198 30 1
198 31 1
198 32 1
198 33 1
198 34 1
198 35 1
198 36 1
198 37 1
198 38 1
198 39 1
198 40 1
198 41 1
198 42 1
198 43 1
198 44 1
198 45 1
198 46 1
198 47 1
198 48 1
198 49 1
199 0 -1
199 1 -1
199 2 -1
199 3 -1
199 4 -1
199 5 -1
199 6 -1
199 7 -1
199 8 -1
199 9 -1
199 10 -1
199 11 -1
199 12 -1
199 13 -1
199 14 -1
199 15 -1
199 16 -1
199 17 -1
199 18 -1
199 19 -1
199 20 -1
199 21 -1
199 22 -1
199 23 -1
199 24 -1
199 25 -1
199 26 -1
199 27 -1
199 28 -1
199 29 -1
199 30 -1
199 31 -1
199 32 -1
199 33 -1
199 34 -1
199 35 -1
199 36 -1
199 37 -1
199 38 -1
199 39 -1
199 40 -1
199 41 -1
199 42 -1
199 43 -1
199 44 -1
199 45 -1
199 46 -1
199 47 -1
199 48 -1
199 49 -1
