19457
13
6161
6163
26
6182
18472
20522
8239
14686
20534
8254
2111
20545
20553
4171
16463
10320
696
12373
87
16479
16481
22627
12390
12399
2162
12404
20598
4221
12416
12425
12428
10386
10387
10388
18584
8350
4255
18595
2214
18599
22697
22699
16563
12473
20666
15733
4288
16581
8397
6355
10452
14552
15055
20702
12511
4323
6372
23249
8425
18678
12537
250
21558
14588
10496
20737
18692
6405
20750
16662
4375
10520
20774
12626
8493
6447
2359
8505
6459
18754
19510
16710
12615
10569
20812
8525
6479
2385
2386
14682
6494
8544
6499
12647
10600
12652
20848
16755
381
18822
65
14731
18830
12688
2450
12693
8599
12698
8606
14754
20909
2121
449
22980
4553
14796
16849
20949
23000
2522
5541
6626
6640
6641
8690
13451
18940
21931
2564
14853
10760
12810
529
12823
23066
4638
23071
6691
2604
558
21042
570
12385
10824
8777
6735
21076
8792
21081
604
23137
8810
4718
626
23155
4730
635
14981
13079
23184
17044
21141
23191
12957
10911
8865
4773
681
3527
10933
23224
2745
12986
17084
17085
23239
21964
19147
23245
19151
6864
6865
21625
15064
4825
10974
6879
13435
21220
4838
21226
13036
19181
750
19188
17141
6902
11004
16853
6915
23301
11014
15111
15112
6921
19211
4878
19219
19221
4887
11036
15140
19238
2873
11070
832
9355
9030
4921
17243
866
19300
19301
19304
2922
19318
4244
897
13189
13123
15252
7068
23457
19363
4593
23468
21426
11188
2206
17334
17336
5049
3002
15292
16202
3008
19402
3020
11213
17358
5072
979
5077
21462
3031
5083
19432
3051
5107
19444
5112
1017
15355
11261
15358
11264
11265
17412
5127
8023
1041
1044
23575
9244
23581
24069
11298
11302
1543
9260
17456
17462
5179
17468
1085
22336
15425
11333
7238
1102
21589
1116
20325
19553
21603
3173
3176
1129
583
15469
19569
9334
3193
9338
17599
23680
19589
21641
14871
5261
23695
21650
19604
11801
11419
19613
15519
9378
3235
19620
11434
3248
1203
17951
19647
23744
11465
7370
19661
13518
3285
5335
7387
7396
21734
13543
11501
19695
9458
1268
10111
3332
7431
15628
3345
7442
9491
15636
6702
8411
15661
1327
5428
11577
7482
11580
5438
19780
23878
17740
7510
9559
8762
3423
5475
9574
8775
15723
23916
19821
17781
15735
13695
1410
13701
17799
11658
21899
23961
19871
21921
3493
4679
9644
17840
1458
9652
3509
1463
21947
21950
20384
15947
19911
5576
11724
1486
19922
5027
19926
19929
24028
16634
15843
15854
15860
10836
24065
13826
5635
3589
10497
3601
3602
17939
1557
22038
1560
7705
9756
15903
12981
3624
20010
9782
24119
15928
7744
1601
13238
19041
13899
13900
24145
17921
11876
11866
22108
9822
11871
11872
20068
15633
3004
15979
2305
1650
21098
7806
20095
1664
7812
22151
13932
5770
13963
22167
20120
5792
1699
20132
5798
11944
16042
9903
11956
3767
22201
14282
24265
22085
18129
11991
20185
2377
3807
17019
18152
5867
7916
14062
12018
3710
5878
18172
3839
18048
16133
5896
1803
5900
14094
22288
7016
1818
16159
3872
1828
10023
20267
12082
10037
13733
18240
3905
20296
15065
12108
14160
14166
9337
18265
9530
3941
7484
1900
22396
2709
20352
16260
14213
16265
17047
8173
10128
3989
10140
4000
12195
4004
6059
18348
6061
1970
14261
10167
4025
20388
20422
10185
9750
14285
2000
11256
5113
12257
16038
16361
2029
14318
1636
16371
10229
6140
